0.266,0.734
0.249,0.751
0.085,0.915
0.047,0.953
0.049,0.951
0.062,0.938
0.314,0.686
0.19,0.81
0.025,0.975
0.052,0.948
0.192,0.808
0.092,0.908
0.286,0.714
0.284,0.716
0.058,0.942
0.191,0.809
0.153,0.847
0.101,0.899
0.115,0.885
0.094,0.906
0.295,0.705
0.028,0.972
0.066,0.934
0.032,0.968
0.045,0.955
0.016,0.984
0.266,0.734
0.211,0.789
0.212,0.788
0.17,0.83
0.329,0.671
0.058,0.942
0.129,0.871
0.018,0.982
0.069,0.931
0.255,0.745
0.048,0.952
0.142,0.858
0.082,0.918
0.099,0.901
0.084,0.916
0.054,0.946
0.068,0.932
0.105,0.895
0.115,0.885
0.111,0.889
0.241,0.759
0.034,0.966
0.159,0.841
0.118,0.882
0.061,0.939
0.124,0.876
0.131,0.869
0.206,0.794
0.12,0.88
0.203,0.797
0.08,0.92
0.234,0.766
0.16,0.84
0.045,0.955
0.131,0.869
0.044,0.956
0.098,0.902
0.274,0.726
0.22,0.78
0.044,0.956
0.214,0.786
0.064,0.936
0.161,0.839
0.036,0.964
0.086,0.914
0.039,0.961
0.169,0.831
0.193,0.807
0.151,0.849
0.156,0.844
0.151,0.849
0.254,0.746
0.243,0.757
0.245,0.755
0.239,0.761
0.09,0.91
0.051,0.949
0.204,0.796
0.029,0.971
0.185,0.815
0.235,0.765
0.049,0.951
0.128,0.872
0.115,0.885
0.066,0.934
0.135,0.865
0.133,0.867
0.187,0.813
0.16,0.84
0.205,0.795
0.084,0.916
0.114,0.886
0.046,0.954
0.133,0.867
0.209,0.791
0.113,0.887
0.077,0.923
0.141,0.859
0.135,0.865
0.083,0.917
0.09,0.91
0.101,0.899
0.028,0.972
0.215,0.785
0.258,0.742
0.144,0.856
0.172,0.828
0.164,0.836
0.082,0.918
0.036,0.964
0.103,0.897
0.077,0.923
0.041,0.959
0.257,0.743
0.047,0.953
0.185,0.815
0.025,0.975
0.107,0.893
0.103,0.897
0.123,0.877
0.165,0.835
0.299,0.701
0.091,0.909
0.184,0.816
0.08,0.92
0.13,0.87
0.161,0.839
0.12,0.88
0.229,0.771
0.211,0.789
0.114,0.886
0.054,0.946
0.061,0.939
0.226,0.774
0.183,0.817
0.041,0.959
0.124,0.876
0.008,0.992
0.255,0.745
0.102,0.898
0.121,0.879
0.086,0.914
0.141,0.859
0.086,0.914
0.101,0.899
0.1,0.9
0.121,0.879
0.039,0.961
0.009,0.991
0.034,0.966
0.252,0.748
0.111,0.889
0.104,0.896
0.143,0.857
0.146,0.854
0.15,0.85
0.152,0.848
0.084,0.916
0.159,0.841
0.15,0.85
0.045,0.955
0.168,0.832
0.289,0.711
0.153,0.847
0.155,0.845
0.242,0.758
0.149,0.851
0.092,0.908
0.078,0.922
0.361,0.639
0.126,0.874
0.051,0.949
0.047,0.953
0.057,0.943
0.107,0.893
0.191,0.809
0.156,0.844
0.197,0.803
0.283,0.717
0.073,0.927
0.089,0.911
0.132,0.868
0.114,0.886
0.141,0.859
0.116,0.884
0.279,0.721
0.119,0.881
0.182,0.818
0.268,0.732
0.12,0.88
0.235,0.765
0.113,0.887
0.2,0.8
0.08,0.92
0.154,0.846
0.174,0.826
0.152,0.848
0.086,0.914
0.11,0.89
0.142,0.858
0.102,0.898
0.15,0.85
0.234,0.766
0.098,0.902
0.144,0.856
0.239,0.761
0.217,0.783
0.283,0.717
0.159,0.841
0.304,0.696
0.129,0.871
0.152,0.848
0.29,0.71
0.108,0.892
0.094,0.906
0.172,0.828
0.11,0.89
0.168,0.832
0.055,0.945
0.102,0.898
0.167,0.833
0.275,0.725
0.085,0.915
0.211,0.789
0.189,0.811
0.07,0.93
0.217,0.783
0.152,0.848
0.21,0.79
0.022,0.978
0.024,0.976
0.169,0.831
0.174,0.826
0.099,0.901
0.133,0.867
0.077,0.923
0.278,0.722
0.098,0.902
0.079,0.921
0.062,0.938
0.101,0.899
0.044,0.956
0.077,0.923
0.193,0.807
0.13,0.87
0.14,0.86
0.234,0.766
0.134,0.866
0.057,0.943
0.029,0.971
0.104,0.896
0.196,0.804
0.036,0.964
0.249,0.751
0.13,0.87
0.073,0.927
0.261,0.739
0.192,0.808
0.064,0.936
0.281,0.719
0.118,0.882
0.013,0.987
0.203,0.797
0.252,0.748
0.134,0.866
0.156,0.844
0.037,0.963
0.116,0.884
0.154,0.846
0.266,0.734
0.105,0.895
0.101,0.899
0.084,0.916
0.059,0.941
0.15,0.85
0.171,0.829
0.072,0.928
0.144,0.856
0.187,0.813
0.165,0.835
0.009,0.991
0.132,0.868
0.029,0.971
0.027,0.973
0.034,0.966
0.052,0.948
0.089,0.911
0.056,0.944
0.033,0.967
0.098,0.902
0.125,0.875
0.056,0.944
0.169,0.831
0.038,0.962
0.121,0.879
0.262,0.738
0.039,0.961
0.151,0.849
0.092,0.908
0.114,0.886
0.152,0.848
0.166,0.834
0.038,0.962
0.038,0.962
0.331,0.669
0.214,0.786
0.174,0.826
0.111,0.889
0.129,0.871
0.112,0.888
0.121,0.879
0.1,0.9
0.051,0.949
0.264,0.736
0.189,0.811
0.01,0.99
0.265,0.735
0.166,0.834
0.12,0.88
0.085,0.915
0.246,0.754
0.18,0.82
0.209,0.791
0.126,0.874
0.241,0.759
0.126,0.874
0.107,0.893
0.051,0.949
0.219,0.781
0.027,0.973
0.191,0.809
0.111,0.889
0.13,0.87
0.061,0.939
0.156,0.844
0.245,0.755
0.206,0.794
0.016,0.984
0.285,0.715
0.119,0.881
0.029,0.971
0.131,0.869
0.2,0.8
0.032,0.968
0.114,0.886
0.088,0.912
0.096,0.904
0.104,0.896
0.105,0.895
0.16,0.84
0.056,0.944
0.119,0.881
0.077,0.923
0.169,0.831
0.125,0.875
0.17,0.83
0.048,0.952
0.091,0.909
0.102,0.898
0.211,0.789
0.103,0.897
0.13,0.87
0.145,0.855
0.061,0.939
0.054,0.946
0.122,0.878
0.28,0.72
0.264,0.736
0.139,0.861
0.163,0.837
0.304,0.696
0.17,0.83
0.109,0.891
0.106,0.894
0.067,0.933
0.148,0.852
0.053,0.947
0.079,0.921
0.163,0.837
0.062,0.938
0.109,0.891
0.082,0.918
0.028,0.972
0.182,0.818
0.155,0.845
0.071,0.929
0.021,0.979
0.086,0.914
0.091,0.909
0.091,0.909
0.29,0.71
0.103,0.897
0.229,0.771
0.164,0.836
0.249,0.751
0.122,0.878
0.035,0.965
0.305,0.695
0.177,0.823
0.077,0.923
0.229,0.771
0.183,0.817
0.312,0.688
0.152,0.848
0.267,0.733
0.08,0.92
0.135,0.865
0.062,0.938
0.234,0.766
0.197,0.803
0.051,0.949
0.131,0.869
0.204,0.796
0.216,0.784
0.107,0.893
0.07,0.93
0.207,0.793
0.073,0.927
0.263,0.737
0.037,0.963
0.055,0.945
0.112,0.888
0.107,0.893
0.17,0.83
0.185,0.815
0.188,0.812
0.051,0.949
0.053,0.947
0.189,0.811
0.033,0.967
0.19,0.81
0.141,0.859
0.035,0.965
0.206,0.794
0.209,0.791
0.153,0.847
0.057,0.943
0.266,0.734
0.148,0.852
0.079,0.921
0.23,0.77
0.258,0.742
0.103,0.897
0.013,0.987
0.205,0.795
0.157,0.843
0.234,0.766
0.052,0.948
0.025,0.975
0.031,0.969
0.098,0.902
0.051,0.949
0.195,0.805
0.157,0.843
0.139,0.861
0.024,0.976
0.238,0.762
0.05,0.95
0.194,0.806
0.232,0.768
0.238,0.762
0.022,0.978
0.247,0.753
0.095,0.905
0.081,0.919
0.177,0.823
0.131,0.869
0.012,0.988
0.14,0.86
0.294,0.706
0.075,0.925
0.216,0.784
0.172,0.828
0.078,0.922
0.287,0.713
0.047,0.953
0.179,0.821
0.164,0.836
0.087,0.913
0.202,0.798
0.187,0.813
0.173,0.827
0.188,0.812
0.107,0.893
0.068,0.932
0.164,0.836
0.092,0.908
0.165,0.835
0.151,0.849
0.1,0.9
0.067,0.933
0.07,0.93
0.1,0.9
0.089,0.911
0.064,0.936
0.178,0.822
0.115,0.885
0.029,0.971
0.11,0.89
0.072,0.928
0.191,0.809
0.054,0.946
0.053,0.947
0.028,0.972
0.077,0.923
0.052,0.948
0.255,0.745
0.113,0.887
0.053,0.947
0.007,0.993
0.177,0.823
0.167,0.833
0.077,0.923
0.231,0.769
0.16,0.84
0.285,0.715
0.043,0.957
0.191,0.809
0.09,0.91
0.108,0.892
0.044,0.956
0.186,0.814
0.018,0.982
0.191,0.809
0.055,0.945
0.001,0.999
0.192,0.808
0.263,0.737
0.15,0.85
0.173,0.827
0.258,0.742
0.09,0.91
0.143,0.857
0.061,0.939
0.291,0.709
0.342,0.658
0.108,0.892
0.29,0.71
0.126,0.874
0.137,0.863
0.183,0.817
0.06,0.94
0.031,0.969
0.15,0.85
0.226,0.774
0.313,0.687
0.143,0.857
0.202,0.798
0.21,0.79
0.222,0.778
0.09,0.91
0.25,0.75
0.051,0.949
0.123,0.877
0.197,0.803
0.184,0.816
0.071,0.929
0.118,0.882
0.126,0.874
0.203,0.797
0.163,0.837
0.142,0.858
0.035,0.965
0.259,0.741
0.147,0.853
0.168,0.832
0.048,0.952
0.091,0.909
0.106,0.894
0.026,0.974
0.04,0.96
0.192,0.808
0.107,0.893
0.244,0.756
0.115,0.885
0.207,0.793
0.055,0.945
0.157,0.843
0.045,0.955
0.075,0.925
0.336,0.664
0.115,0.885
0.127,0.873
0.032,0.968
0.199,0.801
0.201,0.799
0.22,0.78
0.032,0.968
0.097,0.903
0.045,0.955
0.25,0.75
0.209,0.791
0.141,0.859
0.107,0.893
0.116,0.884
0.231,0.769
0.117,0.883
0.094,0.906
0.189,0.811
0.201,0.799
0.255,0.745
0.056,0.944
0.103,0.897
0.203,0.797
0.021,0.979
0.087,0.913
0.102,0.898
0.101,0.899
0.166,0.834
0.215,0.785
0.147,0.853
0.158,0.842
0.087,0.913
0.099,0.901
0.135,0.865
0.026,0.974
0.141,0.859
0.018,0.982
0.077,0.923
0.157,0.843
0.195,0.805
0.066,0.934
0.178,0.822
0.19,0.81
0.135,0.865
0.255,0.745
0.151,0.849
0.051,0.949
0.083,0.917
0.142,0.858
0.113,0.887
0.193,0.807
0.046,0.954
0.133,0.867
0.259,0.741
0.163,0.837
0.119,0.881
0.058,0.942
0.015,0.985
0.301,0.699
0.122,0.878
0.167,0.833
0.15,0.85
0.15,0.85
0.151,0.849
0.01,0.99
0.313,0.687
0.039,0.961
0.167,0.833
0.103,0.897
0.195,0.805
0.09,0.91
0.208,0.792
0.17,0.83
0.106,0.894
0.237,0.763
0.226,0.774
0.197,0.803
0.161,0.839
0.025,0.975
0.055,0.945
0.158,0.842
0.161,0.839
0.201,0.799
0.239,0.761
0.061,0.939
0.167,0.833
0.173,0.827
0.086,0.914
0.169,0.831
0.149,0.851
0.089,0.911
0.113,0.887
0.136,0.864
0.048,0.952
0.172,0.828
0.133,0.867
0.123,0.877
0.183,0.817
0.051,0.949
0.106,0.894
0.024,0.976
0.233,0.767
0.165,0.835
0.138,0.862
0.267,0.733
0.264,0.736
0.276,0.724
0.158,0.842
0.191,0.809
0.246,0.754
0.047,0.953
0.133,0.867
0.141,0.859
0.117,0.883
0.204,0.796
0.29,0.71
0.1,0.9
0.081,0.919
0.021,0.979
0.026,0.974
0.191,0.809
0.065,0.935
0.085,0.915
0.082,0.918
0.084,0.916
0.092,0.908
0.116,0.884
0.094,0.906
0.096,0.904
0.205,0.795
0.141,0.859
0.111,0.889
0.2,0.8
0.218,0.782
0.138,0.862
0.244,0.756
0.14,0.86
0.128,0.872
0.185,0.815
0.072,0.928
0.265,0.735
0.107,0.893
0.113,0.887
0.028,0.972
0.027,0.973
0.269,0.731
0.109,0.891
0.073,0.927
0.229,0.771
0.248,0.752
0.098,0.902
0.024,0.976
0.175,0.825
0.097,0.903
0.045,0.955
0.083,0.917
0.062,0.938
0.176,0.824
0.078,0.922
0.08,0.92
0.184,0.816
0.095,0.905
0.202,0.798
0.132,0.868
0.155,0.845
0.034,0.966
0.063,0.937
0.107,0.893
0.049,0.951
0.036,0.964
0.095,0.905
0.009,0.991
0.209,0.791
0.122,0.878
0.322,0.678
0.094,0.906
0.057,0.943
0.188,0.812
0.153,0.847
0.226,0.774
0.07,0.93
0.043,0.957
0.166,0.834
0.07,0.93
0.138,0.862
0.201,0.799
0.132,0.868
0.109,0.891
0.222,0.778
0.171,0.829
0.136,0.864
0.008,0.992
0.172,0.828
0.122,0.878
0.283,0.717
0.151,0.849
0.144,0.856
0.077,0.923
0.154,0.846
0.065,0.935
0.151,0.849
0.039,0.961
0.135,0.865
0.17,0.83
0.098,0.902
0.098,0.902
0.143,0.857
0.179,0.821
0.088,0.912
0.189,0.811
0.171,0.829
0.23,0.77
0.222,0.778
0.139,0.861
0.145,0.855
0.049,0.951
0.171,0.829
0.265,0.735
0.057,0.943
0.119,0.881
0.171,0.829
0.163,0.837
0.206,0.794
0.186,0.814
0.215,0.785
0.103,0.897
0.083,0.917
0.117,0.883
0.218,0.782
0.17,0.83
0.119,0.881
0.249,0.751
0.178,0.822
0.201,0.799
0.172,0.828
0.049,0.951
0.1,0.9
0.048,0.952
0.105,0.895
0.09,0.91
0.024,0.976
0.145,0.855
0.016,0.984
0.027,0.973
0.033,0.967
0.116,0.884
0.173,0.827
0.123,0.877
0.054,0.946
0.115,0.885
0.18,0.82
0.188,0.812
0.112,0.888
0.044,0.956
0.135,0.865
0.069,0.931
0.058,0.942
0.043,0.957
0.129,0.871
0.16,0.84
0.173,0.827
0.095,0.905
0.035,0.965
0.233,0.767
0.122,0.878
0.099,0.901
0.149,0.851
0.042,0.958
0.225,0.775
0.076,0.924
0.087,0.913
0.224,0.776
0.115,0.885
0.15,0.85
0.241,0.759
0.166,0.834
0.219,0.781
0.244,0.756
0.077,0.923
0.071,0.929
0.289,0.711
0.135,0.865
0.23,0.77
0.162,0.838
0.167,0.833
0.179,0.821
0.094,0.906
0.205,0.795
0.145,0.855
0.248,0.752
0.257,0.743
0.112,0.888
0.156,0.844
0.012,0.988
0.126,0.874
0.041,0.959
0.147,0.853
0.033,0.967
0.125,0.875
0.106,0.894
0.118,0.882
0.286,0.714
0.19,0.81
0.172,0.828
0.072,0.928
0.179,0.821
0.168,0.832
0.113,0.887
0.111,0.889
0.141,0.859
0.183,0.817
0.144,0.856
0.19,0.81
0.052,0.948
0.102,0.898
0.168,0.832
0.194,0.806
0.224,0.776
0.259,0.741
0.302,0.698
0.12,0.88
0.048,0.952
0.188,0.812
0.077,0.923
0.27,0.73
0.221,0.779
0.095,0.905
0.086,0.914
0.243,0.757
0.171,0.829
0.11,0.89
0.005,0.995
0.162,0.838
0.234,0.766
0.254,0.746
0.097,0.903
0.164,0.836
0.212,0.788
0.053,0.947
0.146,0.854
0.158,0.842
0.26,0.74
0.106,0.894
0.204,0.796
0.038,0.962
0.062,0.938
0.226,0.774
0.159,0.841
0.317,0.683
0.203,0.797
0.133,0.867
0.135,0.865
0.071,0.929
0.208,0.792
0.092,0.908
0.264,0.736
0.093,0.907
0.147,0.853
0.295,0.705
0.16,0.84
0.237,0.763
0.198,0.802
0.119,0.881
0.14,0.86
0.284,0.716
0.096,0.904
0.136,0.864
0.079,0.921
0.185,0.815
0.062,0.938
0.093,0.907
0.015,0.985
0.016,0.984
0.026,0.974
0.086,0.914
0.177,0.823
0.137,0.863
0.019,0.981
0.111,0.889
0.187,0.813
0.173,0.827
0.241,0.759
0.226,0.774
0.072,0.928
0.127,0.873
0.17,0.83
0.099,0.901
0.014,0.986
0.125,0.875
0.258,0.742
0.06,0.94
0.172,0.828
0.163,0.837
0.321,0.679
0.01,0.99
0.235,0.765
0.176,0.824
0.095,0.905
0.059,0.941
0.087,0.913
0.07,0.93
0.187,0.813
0.144,0.856
0.071,0.929
0.137,0.863
0.188,0.812
0.04,0.96
0.153,0.847
0.187,0.813
0.038,0.962
0.113,0.887
0.075,0.925
0.114,0.886
0.044,0.956
0.206,0.794
0.303,0.697
0.117,0.883
0.025,0.975
0.016,0.984
0.089,0.911
0.091,0.909
0.094,0.906
0.201,0.799
0.079,0.921
0.036,0.964
0.096,0.904
0.058,0.942
0.189,0.811
0.013,0.987
0.024,0.976
0.155,0.845
0.206,0.794
0.261,0.739
0.085,0.915
0.117,0.883
0.05,0.95
0.182,0.818
0.077,0.923
0.207,0.793
0.226,0.774
0.124,0.876
0.861,0.139
0.961,0.039
0.801,0.199
0.885,0.115
0.858,0.142
0.941,0.059
0.97,0.03
0.866,0.134
0.802,0.198
0.868,0.132
0.955,0.045
0.869,0.131
0.805,0.195
0.853,0.147
0.907,0.093
0.724,0.276
0.821,0.179
0.948,0.052
0.811,0.189
0.946,0.054
0.906,0.094
0.816,0.184
0.918,0.082
0.958,0.042
0.985,0.015
0.733,0.267
0.814,0.186
0.808,0.192
0.893,0.107
0.835,0.165
0.826,0.174
0.751,0.249
0.765,0.235
0.954,0.046
0.794,0.206
0.811,0.189
0.838,0.162
0.775,0.225
0.738,0.262
0.893,0.107
0.906,0.094
0.746,0.254
0.873,0.127
0.819,0.181
0.899,0.101
0.922,0.078
0.873,0.127
0.843,0.157
0.778,0.222
0.872,0.128
0.841,0.159
0.841,0.159
0.926,0.074
0.779,0.221
0.915,0.085
0.787,0.213
0.803,0.197
0.781,0.219
0.912,0.088
0.874,0.126
0.911,0.089
0.835,0.165
0.813,0.187
0.854,0.146
0.739,0.261
0.949,0.051
0.909,0.091
0.929,0.071
0.804,0.196
0.806,0.194
0.785,0.215
0.947,0.053
0.891,0.109
0.846,0.154
0.708,0.292
0.853,0.147
0.854,0.146
0.863,0.137
0.789,0.211
0.821,0.179
0.862,0.138
0.831,0.169
0.827,0.173
0.867,0.133
0.881,0.119
0.948,0.052
0.975,0.025
0.882,0.118
0.904,0.096
0.919,0.081
0.704,0.296
0.832,0.168
0.825,0.175
0.797,0.203
0.889,0.111
0.869,0.131
0.709,0.291
0.882,0.118
0.807,0.193
0.835,0.165
0.899,0.101
0.796,0.204
0.901,0.099
0.89,0.11
0.788,0.212
0.844,0.156
0.809,0.191
0.943,0.057
0.748,0.252
0.789,0.211
0.85,0.15
0.87,0.13
0.81,0.19
0.884,0.116
0.821,0.179
0.871,0.129
0.93,0.07
0.775,0.225
0.793,0.207
0.815,0.185
0.839,0.161
0.95,0.05
0.796,0.204
0.768,0.232
0.791,0.209
0.874,0.126
0.9,0.1
0.823,0.177
0.866,0.134
0.869,0.131
0.802,0.198
0.84,0.16
0.765,0.235
0.851,0.149
0.828,0.172
0.862,0.138
0.735,0.265
0.835,0.165
0.905,0.095
0.736,0.264
0.843,0.157
0.795,0.205
0.87,0.13
0.789,0.211
0.814,0.186
0.823,0.177
0.819,0.181
0.759,0.241
0.791,0.209
0.809,0.191
0.902,0.098
0.948,0.052
0.846,0.154
0.773,0.227
0.95,0.05
0.846,0.154
0.91,0.09
0.85,0.15
0.807,0.193
0.883,0.117
0.83,0.17
0.803,0.197
0.873,0.127
0.782,0.218
0.887,0.113
0.968,0.032
0.909,0.091
0.871,0.129
0.933,0.067
0.924,0.076
0.847,0.153
0.924,0.076
0.896,0.104
0.723,0.277
0.696,0.304
0.93,0.07
0.942,0.058
0.916,0.084
0.863,0.137
0.828,0.172
0.842,0.158
0.954,0.046
0.914,0.086
0.968,0.032
0.937,0.063
0.861,0.139
0.911,0.089
0.968,0.032
0.845,0.155
0.931,0.069
0.851,0.149
0.78,0.22
0.906,0.094
0.902,0.098
0.875,0.125
0.82,0.18
0.841,0.159
0.806,0.194
0.824,0.176
0.945,0.055
0.851,0.149
0.854,0.146
0.895,0.105
0.832,0.168
0.827,0.173
0.87,0.13
0.796,0.204
0.848,0.152
0.868,0.132
0.871,0.129
0.908,0.092
0.811,0.189
0.921,0.079
0.837,0.163
0.916,0.084
0.927,0.073
0.881,0.119
0.855,0.145
0.885,0.115
0.844,0.156
0.929,0.071
0.787,0.213
0.934,0.066
0.92,0.08
0.799,0.201
0.901,0.099
0.829,0.171
0.836,0.164
0.792,0.208
0.856,0.144
0.715,0.285
0.914,0.086
0.876,0.124
0.917,0.083
0.902,0.098
0.908,0.092
0.91,0.09
0.901,0.099
0.761,0.239
0.885,0.115
0.91,0.09
0.749,0.251
0.886,0.114
0.89,0.11
0.868,0.132
0.897,0.103
0.831,0.169
0.845,0.155
0.906,0.094
0.859,0.141
0.906,0.094
0.713,0.287
0.917,0.083
0.927,0.073
0.904,0.096
0.829,0.171
0.868,0.132
0.876,0.124
0.808,0.192
0.866,0.134
0.708,0.292
0.863,0.137
0.975,0.025
0.922,0.078
0.842,0.158
0.892,0.108
0.833,0.167
0.955,0.045
0.967,0.033
0.778,0.222
0.886,0.114
0.744,0.256
0.871,0.129
0.882,0.118
0.947,0.053
0.811,0.189
0.958,0.042
0.804,0.196
0.838,0.162
0.913,0.087
0.791,0.209
0.926,0.074
0.794,0.206
0.916,0.084
0.955,0.045
0.901,0.099
0.895,0.105
0.88,0.12
0.792,0.208
0.759,0.241
0.75,0.25
0.807,0.193
0.863,0.137
0.82,0.18
0.956,0.044
0.926,0.074
0.717,0.283
0.968,0.032
0.772,0.228
0.799,0.201
0.774,0.226
0.903,0.097
0.906,0.094
0.788,0.212
0.88,0.12
0.861,0.139
0.791,0.209
0.867,0.133
0.932,0.068
0.951,0.049
0.834,0.166
0.795,0.205
0.892,0.108
0.855,0.145
0.953,0.047
0.865,0.135
0.921,0.079
0.927,0.073
0.842,0.158
0.912,0.088
0.875,0.125
0.851,0.149
0.919,0.081
0.764,0.236
0.86,0.14
0.778,0.222
0.807,0.193
0.885,0.115
0.818,0.182
0.89,0.11
0.742,0.258
0.936,0.064
0.871,0.129
0.892,0.108
0.861,0.139
0.84,0.16
0.962,0.038
0.801,0.199
0.78,0.22
0.843,0.157
0.887,0.113
0.794,0.206
0.858,0.142
0.805,0.195
0.74,0.26
0.977,0.023
0.912,0.088
0.699,0.301
0.853,0.147
0.744,0.256
0.927,0.073
0.821,0.179
0.82,0.18
0.8,0.2
0.841,0.159
0.896,0.104
0.87,0.13
0.752,0.248
0.889,0.111
0.879,0.121
0.896,0.104
0.902,0.098
0.785,0.215
0.949,0.051
0.888,0.112
0.936,0.064
0.791,0.209
0.808,0.192
0.858,0.142
0.852,0.148
0.926,0.074
0.824,0.176
0.821,0.179
0.887,0.113
0.898,0.102
0.94,0.06
0.782,0.218
0.853,0.147
0.82,0.18
0.858,0.142
0.819,0.181
0.916,0.084
0.711,0.289
0.861,0.139
0.904,0.096
0.964,0.036
0.838,0.162
0.82,0.18
0.92,0.08
0.874,0.126
0.932,0.068
0.936,0.064
0.848,0.152
0.915,0.085
0.926,0.074
0.801,0.199
0.707,0.293
0.911,0.089
0.804,0.196
0.757,0.243
0.93,0.07
0.921,0.079
0.944,0.056
0.889,0.111
0.846,0.154
0.804,0.196
0.908,0.092
0.912,0.088
0.788,0.212
0.913,0.087
0.895,0.105
0.759,0.241
0.764,0.236
0.837,0.163
0.873,0.127
0.92,0.08
0.845,0.155
0.803,0.197
0.891,0.109
0.952,0.048
0.765,0.235
0.897,0.103
0.848,0.152
0.908,0.092
0.926,0.074
0.913,0.087
0.93,0.07
0.874,0.126
0.766,0.234
0.84,0.16
0.802,0.198
0.91,0.09
0.859,0.141
0.786,0.214
0.832,0.168
0.936,0.064
0.879,0.121
0.947,0.053
0.909,0.091
0.833,0.167
0.78,0.22
0.839,0.161
0.879,0.121
0.916,0.084
0.932,0.068
0.72,0.28
0.762,0.238
0.821,0.179
0.862,0.138
0.967,0.033
0.887,0.113
0.786,0.214
0.803,0.197
0.762,0.238
0.799,0.201
0.826,0.174
0.809,0.191
0.957,0.043
0.89,0.11
0.838,0.162
0.884,0.116
0.92,0.08
0.767,0.233
0.863,0.137
0.891,0.109
0.834,0.166
0.968,0.032
0.977,0.023
0.87,0.13
0.948,0.052
0.879,0.121
0.933,0.067
0.91,0.09
0.822,0.178
0.84,0.16
0.825,0.175
0.811,0.189
0.97,0.03
0.816,0.184
0.888,0.112
0.911,0.089
0.908,0.092
0.817,0.183
0.71,0.29
0.919,0.081
0.811,0.189
0.863,0.137
0.965,0.035
0.728,0.272
0.866,0.134
0.895,0.105
0.764,0.236
0.895,0.105
0.933,0.067
0.847,0.153
0.921,0.079
0.929,0.071
0.875,0.125
0.921,0.079
0.941,0.059
0.764,0.236
0.872,0.128
0.927,0.073
0.821,0.179
0.926,0.074
0.865,0.135
0.944,0.056
0.943,0.057
0.956,0.044
0.826,0.174
0.883,0.117
0.832,0.168
0.92,0.08
0.829,0.171
0.793,0.207
0.874,0.126
0.824,0.176
0.729,0.271
0.832,0.168
0.917,0.083
0.786,0.214
0.807,0.193
0.888,0.112
0.869,0.131
0.916,0.084
0.932,0.068
0.91,0.09
0.945,0.055
0.781,0.219
0.867,0.133
0.869,0.131
0.886,0.114
0.922,0.078
0.795,0.205
0.938,0.062
0.964,0.036
0.859,0.141
0.801,0.199
0.907,0.093
0.754,0.246
0.804,0.196
0.902,0.098
0.899,0.101
0.912,0.088
0.928,0.072
0.841,0.159
0.909,0.091
0.923,0.077
0.778,0.222
0.692,0.308
0.871,0.129
0.948,0.052
0.944,0.056
0.89,0.11
0.855,0.145
0.871,0.129
0.81,0.19
0.803,0.197
0.864,0.136
0.769,0.231
0.743,0.257
0.894,0.106
0.842,0.158
0.917,0.083
0.91,0.09
0.829,0.171
0.804,0.196
0.888,0.112
0.744,0.256
0.882,0.118
0.753,0.247
0.874,0.126
0.881,0.119
0.746,0.254
0.762,0.238
0.946,0.054
0.761,0.239
0.904,0.096
0.827,0.173
0.888,0.112
0.795,0.205
0.927,0.073
0.831,0.169
0.908,0.092
0.922,0.078
0.923,0.077
0.76,0.24
0.86,0.14
0.807,0.193
0.81,0.19
0.812,0.188
0.848,0.152
0.729,0.271
0.944,0.056
0.882,0.118
0.914,0.086
0.825,0.175
0.897,0.103
0.93,0.07
0.909,0.091
0.875,0.125
0.863,0.137
0.738,0.262
0.811,0.189
0.731,0.269
0.808,0.192
0.868,0.132
0.901,0.099
0.833,0.167
0.811,0.189
0.848,0.152
0.825,0.175
0.849,0.151
0.816,0.184
0.924,0.076
0.807,0.193
0.828,0.172
0.71,0.29
0.831,0.169
0.871,0.129
0.804,0.196
0.849,0.151
0.81,0.19
0.801,0.199
0.928,0.072
0.839,0.161
0.844,0.156
0.821,0.179
0.817,0.183
0.827,0.173
0.839,0.161
0.915,0.085
0.876,0.124
0.893,0.107
0.917,0.083
0.831,0.169
0.866,0.134
0.878,0.122
0.86,0.14
0.801,0.199
0.891,0.109
0.75,0.25
0.846,0.154
0.859,0.141
0.74,0.26
0.957,0.043
0.791,0.209
0.873,0.127
0.712,0.288
0.792,0.208
0.838,0.162
0.817,0.183
0.881,0.119
0.913,0.087
0.801,0.199
0.783,0.217
0.957,0.043
0.923,0.077
0.803,0.197
0.896,0.104
0.785,0.215
0.884,0.116
0.775,0.225
0.866,0.134
0.835,0.165
0.874,0.126
0.885,0.115
0.977,0.023
0.867,0.133
0.71,0.29
0.867,0.133
0.903,0.097
0.847,0.153
0.919,0.081
0.885,0.115
0.773,0.227
0.898,0.102
0.915,0.085
0.988,0.012
0.97,0.03
0.749,0.251
0.724,0.276
0.772,0.228
0.915,0.085
0.903,0.097
0.779,0.221
0.855,0.145
0.922,0.078
0.755,0.245
0.742,0.258
0.986,0.014
0.853,0.147
0.808,0.192
0.924,0.076
0.791,0.209
0.787,0.213
0.862,0.138
0.915,0.085
0.785,0.215
0.823,0.177
0.913,0.087
0.96,0.04
0.892,0.108
0.882,0.118
0.814,0.186
0.86,0.14
0.933,0.067
0.764,0.236
0.942,0.058
0.664,0.336
0.975,0.025
0.772,0.228
0.861,0.139
0.93,0.07
0.794,0.206
0.881,0.119
0.829,0.171
0.87,0.13
0.8,0.2
0.95,0.05
0.706,0.294
0.979,0.021
0.81,0.19
0.854,0.146
0.926,0.074
0.845,0.155
0.879,0.121
0.897,0.103
0.953,0.047
0.777,0.223
0.873,0.127
0.85,0.15
0.717,0.283
0.821,0.179
0.926,0.074
0.919,0.081
0.77,0.23
0.873,0.127
0.813,0.187
0.813,0.187
0.909,0.091
0.794,0.206
0.83,0.17
0.888,0.112
0.878,0.122
0.828,0.172
0.794,0.206
0.956,0.044
0.88,0.12
0.928,0.072
0.889,0.111
0.909,0.091
0.836,0.164
0.818,0.182
0.934,0.066
0.933,0.067
0.854,0.146
0.944,0.056
0.909,0.091
0.855,0.145
0.887,0.113
0.929,0.071
0.746,0.254
0.783,0.217
0.898,0.102
0.913,0.087
0.843,0.157
0.857,0.143
0.852,0.148
0.892,0.108
0.809,0.191
0.921,0.079
0.923,0.077
0.809,0.191
0.738,0.262
0.731,0.269
0.765,0.235
0.77,0.23
0.972,0.028
0.888,0.112
0.749,0.251
0.82,0.18
0.876,0.124
0.947,0.053
0.88,0.12
0.856,0.144
0.757,0.243
0.89,0.11
0.795,0.205
0.873,0.127
0.792,0.208
0.871,0.129
0.847,0.153
0.853,0.147
0.822,0.178
0.747,0.253
0.887,0.113
0.833,0.167
0.821,0.179
0.832,0.168
0.905,0.095
0.855,0.145
0.769,0.231
0.803,0.197
0.927,0.073
0.914,0.086
0.822,0.178
0.888,0.112
0.88,0.12
0.742,0.258
0.971,0.029
0.887,0.113
0.927,0.073
0.915,0.085
0.859,0.141
0.886,0.114
0.78,0.22
0.939,0.061
0.974,0.026
0.849,0.151
0.829,0.171
0.754,0.246
0.944,0.056
0.856,0.144
0.793,0.207
0.851,0.149
0.901,0.099
0.858,0.142
0.844,0.156
0.849,0.151
0.936,0.064
0.869,0.131
0.914,0.086
0.923,0.077
0.757,0.243
0.794,0.206
0.942,0.058
0.912,0.088
0.846,0.154
0.781,0.219
0.954,0.046
0.881,0.119
0.808,0.192
0.749,0.251
0.802,0.198
0.812,0.188
0.798,0.202
0.829,0.171
0.965,0.035
0.867,0.133
0.918,0.082
0.932,0.068
0.758,0.242
0.977,0.023
0.858,0.142
0.917,0.083
0.821,0.179
0.864,0.136
0.874,0.126
0.958,0.042
0.798,0.202
0.925,0.075
0.935,0.065
0.92,0.08
0.736,0.264
0.938,0.062
0.89,0.11
0.906,0.094
0.861,0.139
0.718,0.282
0.892,0.108
0.767,0.233
0.897,0.103
0.83,0.17
0.878,0.122
0.855,0.145
0.903,0.097
0.927,0.073
0.764,0.236
0.8,0.2
0.876,0.124
0.918,0.082
0.783,0.217
0.789,0.211
0.941,0.059
0.76,0.24
0.825,0.175
0.887,0.113
0.915,0.085
0.89,0.11
0.906,0.094
0.823,0.177
0.941,0.059
0.783,0.217
0.805,0.195
0.942,0.058
0.943,0.057
0.899,0.101
0.902,0.098
0.813,0.187
0.881,0.119
0.847,0.153
0.862,0.138
0.873,0.127
0.937,0.063
0.887,0.113
0.832,0.168
0.928,0.072
0.934,0.066
0.921,0.079
0.862,0.138
0.919,0.081
0.836,0.164
0.858,0.142
0.912,0.088
0.894,0.106
0.864,0.136
0.901,0.099
0.848,0.152
0.915,0.085
0.837,0.163
0.891,0.109
0.759,0.241
0.902,0.098
0.959,0.041
0.922,0.078
0.841,0.159
0.825,0.175
0.749,0.251
0.81,0.19
0.805,0.195
0.887,0.113
0.856,0.144
0.836,0.164
0.799,0.201
0.867,0.133
0.908,0.092
0.852,0.148
0.947,0.053
0.809,0.191
0.78,0.22
0.786,0.214
0.929,0.071
0.903,0.097
0.895,0.105
0.845,0.155
0.859,0.141
0.88,0.12
0.7,0.3
0.928,0.072
0.79,0.21
0.873,0.127
0.923,0.077
0.788,0.212
0.705,0.295
0.856,0.144
0.887,0.113
0.795,0.205
0.81,0.19
0.787,0.213
0.876,0.124
0.883,0.117
0.755,0.245
0.801,0.199
0.733,0.267
0.884,0.116
0.944,0.056
0.802,0.198
0.886,0.114
0.928,0.072
0.809,0.191
0.913,0.087
0.946,0.054
0.935,0.065
0.819,0.181
0.842,0.158
0.747,0.253
0.895,0.105
0.809,0.191
0.924,0.076
0.726,0.274
0.888,0.112
0.882,0.118
0.872,0.128
0.868,0.132
0.846,0.154
0.93,0.07
0.79,0.21
0.926,0.074
0.931,0.069
0.893,0.107
0.916,0.084
0.828,0.172
0.888,0.112
0.742,0.258
0.807,0.193
0.796,0.204
0.707,0.293
0.951,0.049
0.921,0.079
0.827,0.173
0.716,0.284
0.898,0.102
0.71,0.29
0.952,0.048
0.893,0.107
0.763,0.237
0.9,0.1
0.878,0.122
0.79,0.21
0.92,0.08
0.939,0.061
0.937,0.063
0.838,0.162
0.755,0.245
0.797,0.203
0.923,0.077
0.88,0.12
0.851,0.149
0.759,0.241
0.831,0.169
0.714,0.286
0.869,0.131
0.934,0.066
0.945,0.055
0.882,0.118
0.772,0.228
0.708,0.292
