9.13634183e-02,9.08636582e-01
8.82528768e-02,9.11747123e-01
3.60433668e-02,9.63956633e-01
1.88369436e-03,9.98116306e-01
1.03200916e-02,9.89679908e-01
3.04301945e-03,9.96956981e-01
1.14194537e-01,8.85805463e-01
4.82109721e-02,9.51789028e-01
1.24484840e-02,9.87551516e-01
7.47179400e-04,9.99252821e-01
6.13845505e-02,9.38615449e-01
1.33375350e-02,9.86662465e-01
9.01641932e-02,9.09835807e-01
5.82245974e-02,9.41775403e-01
1.01447026e-02,9.89855297e-01
6.56303687e-02,9.34369631e-01
1.53776842e-02,9.84622316e-01
1.54533040e-02,9.84546696e-01
1.87543637e-02,9.81245636e-01
1.93277810e-02,9.80672219e-01
1.13963462e-01,8.86036538e-01
1.96365126e-03,9.98036349e-01
1.43234785e-02,9.85676521e-01
2.56769646e-03,9.97432304e-01
9.10743936e-03,9.90892561e-01
5.18954172e-03,9.94810458e-01
1.38338765e-01,8.61661235e-01
5.96875238e-02,9.40312476e-01
4.28095113e-02,9.57190489e-01
3.68132837e-02,9.63186716e-01
7.83251028e-02,9.21674897e-01
6.18498588e-03,9.93815014e-01
6.18478091e-03,9.93815219e-01
1.55815683e-02,9.84418432e-01
8.00347891e-03,9.91996521e-01
9.11733666e-02,9.08826633e-01
2.48562356e-02,9.75143764e-01
3.69227742e-02,9.63077226e-01
2.20577177e-02,9.77942282e-01
1.19323134e-02,9.88067687e-01
1.48448865e-02,9.85155113e-01
1.14602517e-02,9.88539748e-01
6.33341626e-03,9.93666584e-01
3.40526447e-03,9.96594736e-01
1.90359245e-02,9.80964076e-01
2.50387973e-02,9.74961203e-01
7.53497471e-02,9.24650253e-01
4.31791095e-02,9.56820891e-01
8.58342782e-02,9.14165722e-01
1.95883475e-02,9.80411652e-01
3.20580321e-02,9.67941968e-01
3.19959969e-02,9.68004003e-01
5.48279571e-02,9.45172043e-01
7.05437576e-02,9.29456242e-01
2.94159137e-02,9.70584086e-01
1.14820066e-01,8.85179934e-01
3.38825065e-02,9.66117493e-01
8.62469407e-02,9.13753059e-01
4.83362455e-02,9.51663754e-01
8.33271102e-03,9.91667289e-01
4.35495707e-03,9.95645043e-01
2.29072084e-02,9.77092792e-01
7.42640937e-02,9.25735906e-01
8.95573775e-02,9.10442623e-01
7.14108550e-02,9.28589145e-01
6.64570140e-03,9.93354299e-01
6.74728613e-02,9.32527139e-01
3.48771998e-02,9.65122800e-01
7.15380034e-02,9.28461997e-01
2.56341865e-02,9.74365813e-01
1.17649311e-02,9.88235069e-01
3.81057124e-03,9.96189429e-01
7.14234359e-02,9.28576564e-01
4.14120074e-02,9.58587993e-01
2.79964712e-02,9.72003529e-01
2.57921966e-02,9.74207803e-01
4.87042774e-02,9.51295723e-01
4.87461093e-02,9.51253891e-01
1.29437220e-01,8.70562780e-01
4.62199916e-02,9.53780008e-01
1.13774673e-01,8.86225327e-01
9.20288064e-03,9.90797119e-01
5.15198000e-03,9.94848020e-01
2.44610839e-02,9.75538916e-01
2.92701416e-02,9.70729858e-01
3.48342579e-02,9.65165742e-01
7.16448608e-02,9.28355139e-01
4.64772362e-04,9.99535228e-01
1.05484856e-03,9.98945151e-01
2.21592609e-02,9.77840739e-01
4.48449184e-03,9.95515508e-01
3.58479764e-02,9.64152024e-01
3.78927109e-02,9.62107289e-01
9.33622035e-03,9.90663780e-01
2.64063109e-02,9.73593689e-01
6.26064749e-02,9.37393525e-01
8.85795257e-03,9.91142047e-01
9.42966466e-03,9.90570335e-01
6.50905508e-03,9.93490945e-01
3.19808682e-02,9.68019132e-01
1.18735608e-01,8.81264392e-01
9.74188529e-02,9.02581147e-01
7.51545101e-03,9.92484549e-01
9.46888008e-02,9.05311199e-01
4.63713682e-02,9.53628632e-01
2.09170256e-02,9.79082974e-01
1.81437589e-02,9.81856241e-01
2.01327316e-02,9.79867268e-01
7.92981928e-03,9.92070181e-01
5.93676522e-02,9.40632348e-01
1.05397124e-01,8.94602876e-01
3.22214157e-02,9.67778584e-01
4.61369190e-02,9.53863081e-01
8.43780420e-02,9.15621958e-01
2.82460285e-03,9.97175397e-01
2.87623242e-03,9.97123768e-01
1.02411864e-02,9.89758814e-01
2.47335754e-02,9.75266425e-01
1.17587649e-02,9.88241235e-01
8.34612387e-02,9.16538761e-01
4.91830400e-03,9.95081696e-01
4.77805607e-02,9.52219439e-01
2.43638300e-03,9.97563617e-01
2.37328279e-02,9.76267172e-01
2.97761408e-02,9.70223859e-01
4.83022438e-02,9.51697756e-01
1.10152505e-01,8.89847495e-01
1.04600413e-01,8.95399587e-01
3.79997804e-02,9.62000220e-01
2.18329684e-02,9.78167032e-01
1.56331775e-02,9.84366822e-01
1.28769451e-02,9.87123055e-01
5.16040176e-02,9.48395982e-01
6.21258918e-02,9.37874108e-01
5.65233689e-02,9.43476631e-01
2.19993248e-02,9.78000675e-01
2.27008673e-02,9.77299133e-01
2.53127576e-03,9.97468724e-01
3.57134800e-02,9.64286520e-01
4.46939280e-02,9.55306072e-01
7.27812794e-02,9.27218721e-01
2.26002438e-02,9.77399756e-01
4.90582748e-02,9.50941725e-01
2.41455257e-03,9.97585447e-01
1.18739195e-01,8.81260805e-01
3.27339223e-02,9.67266078e-01
9.39176970e-03,9.90608230e-01
1.38441822e-03,9.98615582e-01
3.31030755e-02,9.66896925e-01
3.35426340e-02,9.66457366e-01
2.32504954e-02,9.76749505e-01
2.29002667e-02,9.77099733e-01
1.45473622e-02,9.85452638e-01
7.22198717e-03,9.92778013e-01
8.52626345e-04,9.99147374e-01
6.29290857e-03,9.93707091e-01
1.18193449e-01,8.81806551e-01
2.79971150e-03,9.97200288e-01
9.39386661e-03,9.90606133e-01
3.51065849e-02,9.64893415e-01
7.51771626e-02,9.24822837e-01
4.42817390e-02,9.55718261e-01
4.63974460e-02,9.53602554e-01
1.44398646e-02,9.85560135e-01
4.47891865e-02,9.55210814e-01
8.01772301e-02,9.19822770e-01
7.14040848e-04,9.99285959e-01
2.61796193e-02,9.73820381e-01
9.26639785e-02,9.07336021e-01
3.41759460e-02,9.65824054e-01
8.75456733e-02,9.12454327e-01
8.47906208e-02,9.15209379e-01
7.78237105e-02,9.22176289e-01
6.06278989e-02,9.39372101e-01
8.62204019e-03,9.91377960e-01
1.34904124e-01,8.65095876e-01
2.79014112e-02,9.72098589e-01
1.17056025e-02,9.88294397e-01
3.80392883e-03,9.96196071e-01
1.45333305e-02,9.85466669e-01
3.02562353e-02,9.69743765e-01
8.12254646e-03,9.91877454e-01
6.28393146e-02,9.37160685e-01
8.73844706e-02,9.12615529e-01
7.81315220e-02,9.21868478e-01
1.95820914e-02,9.80417909e-01
4.96249386e-02,9.50375061e-01
4.40576430e-02,9.55942357e-01
1.70957767e-02,9.82904223e-01
4.25639197e-02,9.57436080e-01
1.65810690e-02,9.83418931e-01
6.67304439e-02,9.33269556e-01
4.05809912e-02,9.59419009e-01
1.16875875e-01,8.83124125e-01
1.14099368e-01,8.85900632e-01
5.24519663e-02,9.47548034e-01
5.70117804e-02,9.42988220e-01
3.55270037e-02,9.64472996e-01
8.90893826e-02,9.10910617e-01
3.63197028e-02,9.63680297e-01
4.91786837e-02,9.50821316e-01
4.71180798e-02,9.52881920e-01
5.43795484e-02,9.45620452e-01
2.38773093e-02,9.76122691e-01
2.35173456e-02,9.76482654e-01
3.06615989e-02,9.69338401e-01
3.75234698e-02,9.62476530e-01
2.28131897e-02,9.77186810e-01
4.41126737e-02,9.55887326e-01
6.97222846e-03,9.93027772e-01
4.60419989e-02,9.53958001e-01
5.76760575e-02,9.42323942e-01
3.29354320e-02,9.67064568e-01
1.00279811e-01,8.99720189e-01
8.00768120e-02,9.19923188e-01
1.18534728e-01,8.81465272e-01
3.96309403e-02,9.60369060e-01
4.77728877e-02,9.52227112e-01
6.27081449e-02,9.37291855e-01
9.31515560e-03,9.90684844e-01
1.57088612e-02,9.84291139e-01
1.97669587e-02,9.80233041e-01
2.95942256e-02,9.70405774e-01
6.06754565e-02,9.39324544e-01
3.66081722e-04,9.99633918e-01
3.87937668e-03,9.96120623e-01
1.04292354e-01,8.95707646e-01
3.18600670e-02,9.68139933e-01
4.03771082e-02,9.59622892e-01
1.40621263e-01,8.59378737e-01
2.99515956e-02,9.70048404e-01
1.31290504e-03,9.98687095e-01
6.14379735e-02,9.38562027e-01
5.98484949e-02,9.40151505e-01
3.61080954e-02,9.63891905e-01
2.41663467e-02,9.75833653e-01
1.14652186e-02,9.88534781e-01
6.88080028e-02,9.31191997e-01
2.48497883e-02,9.75150212e-01
2.69379258e-02,9.73062074e-01
5.02670972e-03,9.94973290e-01
1.41391610e-03,9.98586084e-01
7.75416829e-02,9.22458317e-01
1.92379754e-02,9.80762025e-01
2.95511386e-02,9.70448861e-01
6.01185546e-03,9.93988145e-01
3.49601359e-02,9.65039864e-01
1.34293436e-02,9.86570656e-01
1.20836264e-02,9.87916374e-01
9.22002360e-02,9.07799764e-01
5.93524985e-02,9.40647502e-01
1.37379294e-02,9.86262071e-01
4.49378488e-02,9.55062151e-01
1.99527063e-02,9.80047294e-01
1.66346624e-03,9.98336534e-01
7.32234495e-03,9.92677655e-01
2.19180267e-02,9.78081973e-01
9.80232702e-02,9.01976730e-01
4.90752735e-03,9.95092473e-01
5.87318388e-02,9.41268161e-01
3.56837068e-02,9.64316293e-01
1.77477984e-02,9.82252202e-01
9.00904174e-02,9.09909583e-01
3.18044169e-02,9.68195583e-01
6.18669415e-03,9.93813306e-01
8.52921147e-02,9.14707885e-01
1.25366920e-02,9.87463308e-01
3.33242071e-03,9.96667579e-01
3.91932576e-02,9.60806742e-01
8.06310012e-02,9.19368999e-01
6.75682526e-02,9.32431747e-01
2.61881923e-02,9.73811808e-01
4.94422831e-03,9.95055772e-01
3.59623265e-02,9.64037673e-01
3.82392754e-02,9.61760725e-01
7.37483127e-02,9.26251687e-01
2.68021351e-02,9.73197865e-01
3.55088276e-02,9.64491172e-01
3.97990131e-03,9.96020099e-01
5.79756081e-03,9.94202439e-01
4.31866788e-02,9.56813321e-01
2.32253016e-02,9.76774698e-01
2.04027615e-02,9.79597239e-01
7.72568085e-03,9.92274319e-01
1.02826551e-01,8.97173449e-01
2.36598119e-02,9.76340188e-01
2.64021833e-04,9.99735978e-01
1.82209321e-02,9.81779068e-01
7.35934423e-03,9.92640656e-01
1.30996090e-02,9.86900391e-01
1.30604375e-02,9.86939563e-01
1.50268970e-02,9.84973103e-01
2.24301206e-02,9.77569879e-01
6.80840853e-03,9.93191591e-01
3.07323175e-02,9.69267682e-01
5.87117287e-03,9.94128827e-01
2.81064179e-02,9.71893582e-01
1.43918470e-02,9.85608153e-01
4.65299986e-02,9.53470001e-01
2.16636385e-02,9.78336362e-01
3.78576756e-02,9.62142324e-01
8.07739153e-02,9.19226085e-01
1.26852776e-02,9.87314722e-01
3.59936479e-02,9.64006352e-01
1.56078885e-02,9.84392111e-01
3.77841825e-02,9.62215818e-01
7.65609883e-02,9.23439012e-01
3.85108225e-02,9.61489178e-01
6.84511156e-03,9.93154888e-01
2.17455389e-02,9.78254461e-01
1.82421206e-01,8.17578794e-01
6.27910419e-02,9.37208958e-01
7.01093074e-02,9.29890693e-01
1.50843873e-02,9.84915613e-01
3.59660875e-02,9.64033912e-01
8.93754701e-02,9.10624530e-01
2.39946556e-02,9.76005344e-01
2.80690742e-02,9.71930926e-01
1.06959290e-02,9.89304071e-01
8.80723673e-02,9.11927633e-01
3.68151985e-02,9.63184801e-01
3.41140964e-03,9.96588590e-01
6.46718057e-02,9.35328194e-01
3.57346569e-02,9.64265343e-01
1.33298010e-02,9.86670199e-01
3.71718174e-02,9.62828183e-01
1.14424239e-01,8.85575761e-01
2.18137352e-02,9.78186265e-01
5.70255468e-02,9.42974453e-01
1.67139408e-01,8.32860592e-01
1.43922522e-01,8.56077478e-01
2.82595904e-02,9.71740410e-01
2.77893834e-02,9.72210617e-01
1.73598895e-02,9.82640110e-01
9.19904492e-02,9.08009551e-01
1.51031294e-02,9.84896871e-01
5.82656262e-02,9.41734374e-01
5.84646468e-03,9.94153535e-01
3.83821814e-02,9.61617819e-01
4.27414392e-02,9.57258561e-01
7.06544274e-02,9.29345573e-01
4.32113545e-02,9.56788646e-01
4.96147091e-02,9.50385291e-01
1.41773481e-03,9.98582265e-01
1.06308607e-01,8.93691393e-01
5.06417228e-02,9.49358277e-01
2.41781324e-02,9.75821868e-01
1.66119924e-02,9.83388008e-01
4.28199584e-02,9.57180042e-01
1.98656099e-02,9.80134390e-01
2.36238865e-02,9.76376114e-01
5.92230099e-02,9.40776990e-01
4.84094981e-02,9.51590502e-01
1.36269243e-02,9.86373076e-01
1.21078104e-02,9.87892190e-01
5.98832808e-02,9.40116719e-01
6.04077325e-03,9.93959227e-01
1.12668342e-01,8.87331658e-01
2.04768461e-02,9.79523154e-01
4.31550292e-02,9.56844971e-01
1.99430745e-02,9.80056926e-01
2.34315026e-02,9.76568497e-01
1.76554888e-02,9.82344511e-01
4.06972560e-02,9.59302744e-01
3.60558337e-02,9.63944166e-01
4.77282473e-02,9.52271753e-01
3.29803504e-02,9.67019650e-01
2.16880795e-02,9.78311921e-01
3.56332167e-02,9.64366783e-01
1.94174327e-02,9.80582567e-01
1.41191464e-03,9.98588085e-01
7.50996106e-02,9.24900389e-01
1.06164336e-01,8.93835664e-01
9.38915305e-02,9.06108470e-01
1.75694130e-02,9.82430587e-01
4.98944242e-02,9.50105576e-01
3.61867180e-02,9.63813282e-01
5.27208465e-02,9.47279154e-01
6.12334889e-02,9.38766511e-01
3.16140685e-02,9.68385932e-01
1.91409257e-03,9.98085907e-01
1.61445252e-02,9.83855475e-01
1.03281243e-02,9.89671876e-01
1.51919877e-02,9.84808012e-01
3.24931176e-02,9.67506882e-01
1.97914483e-02,9.80208552e-01
1.32607146e-02,9.86739285e-01
8.22988862e-03,9.91770111e-01
8.55508615e-03,9.91444914e-01
4.16284310e-02,9.58371569e-01
4.39654740e-02,9.56034526e-01
9.27595148e-03,9.90724049e-01
2.60153531e-02,9.73984647e-01
2.25685247e-02,9.77431475e-01
9.07980775e-03,9.90920192e-01
6.22165584e-02,9.37783442e-01
1.15073930e-01,8.84926070e-01
4.69319265e-03,9.95306807e-01
5.83359615e-02,9.41664038e-01
2.31223303e-03,9.97687767e-01
1.22698107e-01,8.77301893e-01
2.90162368e-02,9.70983763e-01
1.34015909e-02,9.86598409e-01
1.79884206e-01,8.20115794e-01
7.70225832e-02,9.22977417e-01
1.07862994e-02,9.89213701e-01
1.08771688e-01,8.91228312e-01
9.44260343e-02,9.05573966e-01
2.07048167e-01,7.92951833e-01
3.97148724e-02,9.60285128e-01
4.03667478e-02,9.59633252e-01
2.02018662e-02,9.79798134e-01
1.61086261e-02,9.83891374e-01
1.07810111e-02,9.89218989e-01
7.52803921e-02,9.24719608e-01
4.26804752e-02,9.57319525e-01
6.15529880e-03,9.93844701e-01
5.67985424e-03,9.94320146e-01
6.75021832e-02,9.32497817e-01
1.13843392e-01,8.86156608e-01
7.46851676e-02,9.25314832e-01
8.86316250e-03,9.91136838e-01
6.55488218e-02,9.34451178e-01
2.78588118e-02,9.72141188e-01
8.59641369e-02,9.14035863e-01
2.13006074e-02,9.78699393e-01
3.31152610e-03,9.96688474e-01
4.12970585e-02,9.58702942e-01
9.78790867e-02,9.02120913e-01
7.91171836e-02,9.20882816e-01
6.38389161e-02,9.36161084e-01
6.20913186e-02,9.37908681e-01
1.14871864e-02,9.88512814e-01
1.38771673e-02,9.86122833e-01
4.07645832e-02,9.59235417e-01
3.49491592e-03,9.96505084e-01
7.76450628e-02,9.22354937e-01
9.71016894e-02,9.02898311e-01
1.29003249e-02,9.87099675e-01
7.61035226e-02,9.23896477e-01
4.50497345e-02,9.54950266e-01
8.24098527e-02,9.17590147e-01
7.92080608e-03,9.92079194e-01
1.12808681e-01,8.87191319e-01
1.73506174e-02,9.82649383e-01
8.94614977e-03,9.91053850e-01
6.02966843e-02,9.39703316e-01
9.29408463e-02,9.07059154e-01
2.42813429e-02,9.75718657e-01
1.57508324e-03,9.98424917e-01
8.55940666e-02,9.14405933e-01
1.08415531e-01,8.91584469e-01
5.17717412e-02,9.48228259e-01
5.05069679e-03,9.94949303e-01
1.47809571e-03,9.98521904e-01
3.98480885e-03,9.96015191e-01
1.16356398e-02,9.88364360e-01
4.06344178e-03,9.95936558e-01
4.05348995e-02,9.59465101e-01
2.84086223e-02,9.71591378e-01
6.10491034e-03,9.93895090e-01
6.16922659e-03,9.93830773e-01
9.15348926e-02,9.08465107e-01
2.68062898e-02,9.73193710e-01
6.52179457e-02,9.34782054e-01
7.71726624e-02,9.22827338e-01
6.90462771e-02,9.30953723e-01
1.03606063e-03,9.98963939e-01
6.00803920e-02,9.39919608e-01
8.25805741e-03,9.91741943e-01
7.21591808e-02,9.27840819e-01
5.18744221e-02,9.48125578e-01
5.21464809e-03,9.94785352e-01
2.09685357e-03,9.97903146e-01
4.70615761e-02,9.52938424e-01
8.43554000e-02,9.15644600e-01
2.42418863e-02,9.75758114e-01
6.44712811e-02,9.35528719e-01
2.95635260e-02,9.70436474e-01
1.25127926e-02,9.87487207e-01
7.43863607e-02,9.25613639e-01
1.66490616e-02,9.83350938e-01
1.43383452e-02,9.85661655e-01
3.51712110e-02,9.64828789e-01
3.71875576e-02,9.62812442e-01
1.41626847e-01,8.58373153e-01
1.03643632e-01,8.96356368e-01
3.90669201e-02,9.60933080e-01
1.02846848e-01,8.97153152e-01
1.57401816e-02,9.84259818e-01
1.89439548e-02,9.81056045e-01
5.86047891e-02,9.41395211e-01
1.38905780e-02,9.86109422e-01
5.40816511e-02,9.45918349e-01
4.71596666e-02,9.52840333e-01
9.13269626e-03,9.90867304e-01
2.21640497e-02,9.77835950e-01
3.73768987e-03,9.96262310e-01
4.37833386e-02,9.56216661e-01
1.03436978e-02,9.89656302e-01
1.68591647e-02,9.83140835e-01
1.75692498e-02,9.82430750e-01
2.50670664e-02,9.74932934e-01
1.32207871e-02,9.86779213e-01
2.29523877e-02,9.77047612e-01
1.68944814e-02,9.83105519e-01
9.29976734e-02,9.07002327e-01
6.02455483e-03,9.93975445e-01
4.93221496e-03,9.95067785e-01
2.51633265e-02,9.74836674e-01
1.52742813e-02,9.84725719e-01
1.62756789e-02,9.83724321e-01
6.61437750e-02,9.33856225e-01
4.83383131e-02,9.51661687e-01
1.77877674e-02,9.82212233e-01
2.49175620e-03,9.97508244e-01
4.05968085e-02,9.59403192e-01
2.84155916e-02,9.71584408e-01
1.40398529e-02,9.85960147e-01
1.19580661e-01,8.80419339e-01
5.50219182e-02,9.44978082e-01
4.78567347e-02,9.52143265e-01
1.11037261e-02,9.88896274e-01
5.96112335e-02,9.40388766e-01
2.79225655e-03,9.97207743e-01
2.86960127e-02,9.71303987e-01
1.79378170e-03,9.98206218e-01
1.29623479e-01,8.70376521e-01
9.56327188e-04,9.99043673e-01
2.42208863e-02,9.75779114e-01
4.07896321e-03,9.95921037e-01
2.13702286e-03,9.97862977e-01
6.53924749e-02,9.34607525e-01
1.03173804e-01,8.96826196e-01
8.88910042e-02,9.11108996e-01
8.68594640e-02,9.13140536e-01
2.75754654e-02,9.72424535e-01
3.65617182e-03,9.96343828e-01
5.74927805e-03,9.94250722e-01
4.74026647e-02,9.52597335e-01
9.04762516e-02,9.09523748e-01
1.04573961e-01,8.95426039e-01
5.24394019e-02,9.47560598e-01
1.05854743e-01,8.94145257e-01
2.40685715e-02,9.75931428e-01
4.92382140e-02,9.50761786e-01
7.04969890e-03,9.92950301e-01
1.58827965e-02,9.84117203e-01
2.52497197e-03,9.97475028e-01
7.22014257e-02,9.27798574e-01
1.13432450e-01,8.86567550e-01
8.45376194e-02,9.15462381e-01
2.66705140e-02,9.73329486e-01
6.82346596e-02,9.31765340e-01
5.24139265e-02,9.47586073e-01
7.12526103e-02,9.28747390e-01
3.77946293e-03,9.96220537e-01
6.71104986e-02,9.32889501e-01
3.70850034e-03,9.96291500e-01
4.09365734e-02,9.59063427e-01
3.19518642e-02,9.68048136e-01
5.04927060e-02,9.49507294e-01
5.81965158e-03,9.94180348e-01
3.94538265e-02,9.60546173e-01
1.11818120e-02,9.88818188e-01
2.53965326e-02,9.74603467e-01
2.96286434e-02,9.70371357e-01
3.74056445e-02,9.62594356e-01
2.81001946e-03,9.97189981e-01
5.55882650e-02,9.44411735e-01
6.47039263e-02,9.35296074e-01
8.34495745e-02,9.16550426e-01
8.33721061e-03,9.91662789e-01
1.00932359e-02,9.89906764e-01
1.65869101e-02,9.83413090e-01
7.05899528e-03,9.92941005e-01
7.53144194e-03,9.92468558e-01
5.42185329e-02,9.45781467e-01
2.06890787e-02,9.79310921e-01
6.10866391e-02,9.38913361e-01
1.65670515e-02,9.83432948e-01
1.29536000e-01,8.70464000e-01
1.01693995e-02,9.89830600e-01
6.94541215e-02,9.30545878e-01
4.57022447e-03,9.95429776e-01
9.47790712e-03,9.90522093e-01
1.15390071e-01,8.84609929e-01
3.50673843e-03,9.96493262e-01
7.04978301e-02,9.29502170e-01
1.27233534e-03,9.98727665e-01
7.45683292e-02,9.25431671e-01
3.85036059e-02,9.61496394e-01
4.64272982e-02,9.53572702e-01
5.56391866e-03,9.94436081e-01
8.81985818e-03,9.91180142e-01
1.76867803e-03,9.98231322e-01
5.81649210e-02,9.41835079e-01
4.08808490e-02,9.59119151e-01
7.58139689e-02,9.24186031e-01
2.29805470e-02,9.77019453e-01
1.63008737e-02,9.83699126e-01
5.56961836e-02,9.44303816e-01
1.01232088e-02,9.89876791e-01
5.38967304e-03,9.94610327e-01
7.18511122e-02,9.28148888e-01
4.97228758e-02,9.50277124e-01
3.81928234e-02,9.61807177e-01
6.60227212e-03,9.93397728e-01
1.05133284e-02,9.89486672e-01
7.72188769e-02,9.22781123e-01
3.30212957e-03,9.96697870e-01
3.30994441e-02,9.66900556e-01
7.26334767e-03,9.92736652e-01
1.25264511e-01,8.74735489e-01
5.87801890e-02,9.41219811e-01
1.26754124e-01,8.73245876e-01
7.83367543e-03,9.92166325e-01
1.53256588e-01,8.46743412e-01
3.78698010e-02,9.62130199e-01
5.45154183e-02,9.45484582e-01
1.74622987e-02,9.82537701e-01
1.88631509e-02,9.81136849e-01
3.03470073e-02,9.69652993e-01
3.33841343e-03,9.96661587e-01
7.03383236e-03,9.92966168e-01
6.61090081e-02,9.33890992e-01
3.76217526e-02,9.62378247e-01
7.62942168e-03,9.92370578e-01
4.33448658e-02,9.56655134e-01
2.44305784e-02,9.75569422e-01
2.89278831e-02,9.71072117e-01
1.03112092e-01,8.96887908e-01
8.99106911e-02,9.10089309e-01
3.32213498e-02,9.66778650e-01
9.63859612e-03,9.90361404e-01
4.32976716e-02,9.56702328e-01
5.74748082e-02,9.42525192e-01
4.25940187e-02,9.57405981e-01
8.05836013e-03,9.91941640e-01
1.76062270e-02,9.82393773e-01
9.63014712e-02,9.03698529e-01
1.01036778e-01,8.98963222e-01
4.44315887e-02,9.55568411e-01
1.98832261e-02,9.80116774e-01
1.41145224e-03,9.98588548e-01
1.33200665e-01,8.66799335e-01
2.84200040e-02,9.71579996e-01
1.82028996e-02,9.81797100e-01
1.96301293e-02,9.80369871e-01
7.42575666e-02,9.25742433e-01
3.98344940e-02,9.60165506e-01
5.24105826e-03,9.94758942e-01
1.17980768e-01,8.82019232e-01
1.16868636e-02,9.88313136e-01
4.62537819e-02,9.53746218e-01
9.07392452e-03,9.90926075e-01
7.02383416e-02,9.29761658e-01
1.43726079e-02,9.85627392e-01
4.18627205e-02,9.58137279e-01
2.64489631e-02,9.73551037e-01
5.36661376e-03,9.94633386e-01
6.01840279e-02,9.39815972e-01
9.72263601e-02,9.02773640e-01
5.44043834e-02,9.45595617e-01
3.26686862e-02,9.67331314e-01
4.51030877e-02,9.54896912e-01
3.00152045e-02,9.69984795e-01
2.41270089e-02,9.75872991e-01
8.71970667e-02,9.12802933e-01
4.94558257e-02,9.50544174e-01
8.46063727e-02,9.15393627e-01
1.06280159e-02,9.89371984e-01
4.11252465e-02,9.58874754e-01
1.09143037e-02,9.89085696e-01
4.46725008e-02,9.55327499e-01
1.56480605e-02,9.84351939e-01
4.13234394e-02,9.58676561e-01
5.50272961e-02,9.44972704e-01
1.14561211e-02,9.88543879e-01
8.29951580e-02,9.17004842e-01
3.94742564e-03,9.96052574e-01
3.16941572e-02,9.68305843e-01
1.96360616e-02,9.80363938e-01
9.90485414e-03,9.90095146e-01
6.96183071e-02,9.30381693e-01
6.73660554e-03,9.93263394e-01
1.51359572e-02,9.84864043e-01
2.89743055e-03,9.97102569e-01
7.59391822e-02,9.24060818e-01
1.84709953e-02,9.81529005e-01
2.38300199e-02,9.76169980e-01
1.21548058e-01,8.78451942e-01
1.04901953e-01,8.95098047e-01
7.70779684e-02,9.22922032e-01
2.18581032e-02,9.78141897e-01
4.53393119e-02,9.54660688e-01
1.08481066e-01,8.91518934e-01
4.40541021e-03,9.95594590e-01
2.86301286e-02,9.71369871e-01
1.46041809e-02,9.85395819e-01
1.48353750e-02,9.85164625e-01
1.09002734e-01,8.90997266e-01
5.84800753e-02,9.41519925e-01
6.23448860e-03,9.93765511e-01
8.60463073e-03,9.91395369e-01
1.40549072e-03,9.98594509e-01
7.55472590e-04,9.99244527e-01
5.08177838e-02,9.49182216e-01
4.66698199e-03,9.95333018e-01
1.69038662e-02,9.83096134e-01
1.53495539e-02,9.84650446e-01
1.37533317e-02,9.86246668e-01
1.95618092e-02,9.80438191e-01
2.32870592e-02,9.76712941e-01
8.40896056e-03,9.91591039e-01
3.58925838e-02,9.64107416e-01
5.06835555e-02,9.49316444e-01
1.88835160e-02,9.81116484e-01
5.80736708e-02,9.41926329e-01
5.22097560e-02,9.47790244e-01
5.15924715e-02,9.48407529e-01
1.14239664e-02,9.88576034e-01
7.78011412e-02,9.22198859e-01
4.38360716e-02,9.56163928e-01
3.11589115e-02,9.68841089e-01
5.56607104e-02,9.44339290e-01
3.51714443e-02,9.64828556e-01
1.23803326e-01,8.76196674e-01
4.46686948e-03,9.95533131e-01
2.36128784e-02,9.76387122e-01
1.90134449e-02,9.80986555e-01
3.88431921e-03,9.96115681e-01
9.59695288e-02,9.04030471e-01
3.10501927e-02,9.68949807e-01
2.86500901e-03,9.97134991e-01
1.80957670e-02,9.81904233e-01
3.40723542e-02,9.65927646e-01
1.32568641e-02,9.86743136e-01
1.03452454e-03,9.98965475e-01
9.73084068e-02,9.02691593e-01
1.96484647e-02,9.80351535e-01
5.16552408e-03,9.94834476e-01
1.80750289e-02,9.81924971e-01
1.96495991e-02,9.80350401e-01
5.84988120e-02,9.41501188e-01
1.63941142e-02,9.83605886e-01
3.53742937e-02,9.64625706e-01
2.50927476e-02,9.74907252e-01
7.11606017e-02,9.28839398e-01
1.48826918e-01,8.51173082e-01
8.82188488e-02,9.11781151e-01
3.30613251e-02,9.66938675e-01
2.02494201e-03,9.97975058e-01
1.51363008e-02,9.84863699e-01
2.38585601e-03,9.97614144e-01
1.49695295e-02,9.85030470e-01
7.81126490e-03,9.92188735e-01
4.29991234e-02,9.57000877e-01
2.42272453e-03,9.97577275e-01
1.07286403e-01,8.92713597e-01
6.90792062e-02,9.30920794e-01
1.11516827e-01,8.88483173e-01
1.15052795e-01,8.84947205e-01
1.52560006e-02,9.84743999e-01
4.72115025e-02,9.52788498e-01
1.24633208e-02,9.87536679e-01
7.36751446e-02,9.26324855e-01
4.18726546e-03,9.95812735e-01
2.01613454e-02,9.79838655e-01
2.64929819e-02,9.73507018e-01
7.96020732e-03,9.92039793e-01
5.00001955e-02,9.49999804e-01
8.51877889e-02,9.14812211e-01
3.82871065e-02,9.61712894e-01
3.18255158e-02,9.68174484e-01
8.15527845e-02,9.18447215e-01
9.83456736e-03,9.90165433e-01
2.22309958e-02,9.77769004e-01
1.81817127e-03,9.98181829e-01
5.82651678e-02,9.41734832e-01
9.32312210e-03,9.90676878e-01
7.81622008e-02,9.21837799e-01
5.10232948e-02,9.48976705e-01
3.83852345e-02,9.61614766e-01
4.61439114e-02,9.53856089e-01
4.04559709e-02,9.59544029e-01
2.48853631e-03,9.97511464e-01
5.18731517e-02,9.48126848e-01
9.68787407e-03,9.90312126e-01
1.74502192e-02,9.82549781e-01
6.40844321e-02,9.35915568e-01
1.01208690e-02,9.89879131e-01
2.26381529e-02,9.77361847e-01
5.93306280e-02,9.40669372e-01
7.13644969e-02,9.28635503e-01
3.77295040e-02,9.62270496e-01
5.74761332e-02,9.42523867e-01
1.06506309e-01,8.93493691e-01
1.31301733e-01,8.68698267e-01
7.55375870e-02,9.24462413e-01
4.72640566e-02,9.52735943e-01
7.92708002e-02,9.20729200e-01
1.21811798e-02,9.87818820e-01
3.79207236e-02,9.62079276e-01
8.47465500e-02,9.15253450e-01
3.11983351e-02,9.68801665e-01
8.80174816e-02,9.11982518e-01
6.72202412e-02,9.32779759e-01
5.52620994e-02,9.44737901e-01
6.39862132e-02,9.36013787e-01
1.14899430e-01,8.85100570e-01
6.68953793e-02,9.33104621e-01
2.42215487e-02,9.75778451e-01
1.04310990e-02,9.89568901e-01
4.76819156e-02,9.52318084e-01
4.35058461e-02,9.56494154e-01
4.39497697e-02,9.56050230e-01
2.18163981e-02,9.78183602e-01
1.08230703e-01,8.91769297e-01
5.11268347e-02,9.48873165e-01
1.63136750e-02,9.83686325e-01
5.44644985e-02,9.45535501e-01
3.19036845e-02,9.68096316e-01
6.75415731e-03,9.93245843e-01
1.10983602e-03,9.98890164e-01
1.33214850e-02,9.86678515e-01
4.16336679e-02,9.58366332e-01
6.57365190e-03,9.93426348e-01
1.33362247e-01,8.66637753e-01
5.97127905e-03,9.94028721e-01
1.66133669e-02,9.83386633e-01
1.32236325e-02,9.86776368e-01
1.30281558e-02,9.86971844e-01
1.09788588e-01,8.90211412e-01
2.90628921e-02,9.70937108e-01
3.66856874e-03,9.96331431e-01
6.01878271e-02,9.39812173e-01
5.35159740e-02,9.46484026e-01
2.84210958e-02,9.71578904e-01
2.53368298e-02,9.74663170e-01
4.85618161e-03,9.95143818e-01
5.04056959e-03,9.94959430e-01
8.46462349e-03,9.91535377e-01
3.18830217e-03,9.96811698e-01
3.98536448e-02,9.60146355e-01
3.32003066e-02,9.66799693e-01
5.50187479e-02,9.44981252e-01
5.24658073e-02,9.47534193e-01
1.54638463e-03,9.98453615e-01
7.21112489e-03,9.92788875e-01
1.23911105e-01,8.76088895e-01
3.33991694e-02,9.66600831e-01
4.31898317e-02,9.56810168e-01
5.55439468e-02,9.44456053e-01
3.52362828e-03,9.96476372e-01
1.19360721e-01,8.80639279e-01
4.86332869e-02,9.51366713e-01
1.50058350e-02,9.84994165e-01
8.65072739e-02,9.13492726e-01
3.74725425e-02,9.62527458e-01
1.36547678e-02,9.86345232e-01
1.10831280e-01,8.89168720e-01
8.76193478e-02,9.12380652e-01
7.59674270e-02,9.24032573e-01
6.92618035e-02,9.30738196e-01
3.97544562e-02,9.60245544e-01
1.07796508e-03,9.98922035e-01
1.15613816e-01,8.84386184e-01
4.45388131e-03,9.95546119e-01
1.29127993e-01,8.70872007e-01
5.15579955e-02,9.48442004e-01
2.92208370e-02,9.70779163e-01
3.06209440e-02,9.69379056e-01
5.78464741e-02,9.42153526e-01
6.30296600e-02,9.36970340e-01
8.43645527e-02,9.15635447e-01
7.76932784e-02,9.22306722e-01
5.80108900e-02,9.41989110e-01
1.94706883e-03,9.98052931e-01
1.15669512e-01,8.84330488e-01
1.15065929e-02,9.88493407e-01
2.93333183e-03,9.97066668e-01
1.03265712e-02,9.89673429e-01
6.33026157e-02,9.36697384e-01
1.45959059e-03,9.98540409e-01
2.55854094e-02,9.74414591e-01
6.11121203e-02,9.38887880e-01
3.93989562e-02,9.60601044e-01
4.72047747e-02,9.52795225e-01
7.61741926e-02,9.23825807e-01
4.11029109e-02,9.58897089e-01
2.77477542e-03,9.97225225e-01
8.58762150e-03,9.91412378e-01
2.13625391e-02,9.78637461e-01
4.09756267e-02,9.59024373e-01
9.64749822e-02,9.03525018e-01
2.39995964e-02,9.76000404e-01
5.02880076e-02,9.49711992e-01
2.64349386e-02,9.73565061e-01
6.57029579e-02,9.34297042e-01
1.04962602e-02,9.89503740e-01
1.16501667e-02,9.88349833e-01
2.79490422e-02,9.72050958e-01
5.49599776e-02,9.45040022e-01
1.00593038e-01,8.99406962e-01
5.95106849e-02,9.40489315e-01
1.02298603e-01,8.97701397e-01
9.40566722e-02,9.05943328e-01
1.32041162e-02,9.86795884e-01
6.78993507e-02,9.32100649e-01
2.32592893e-02,9.76740711e-01
7.63078628e-02,9.23692137e-01
1.06193776e-01,8.93806224e-01
1.05995595e-02,9.89400440e-01
1.52624937e-02,9.84737506e-01
5.90392140e-02,9.40960786e-01
4.92575223e-02,9.50742478e-01
4.44772513e-02,9.55522749e-01
3.15431333e-03,9.96845687e-01
6.73702422e-02,9.32629758e-01
1.13526446e-01,8.86473554e-01
9.57273029e-02,9.04272697e-01
3.57420727e-02,9.64257927e-01
4.32292558e-02,9.56770744e-01
2.88442030e-02,9.71155797e-01
2.79789652e-02,9.72021035e-01
4.52336926e-02,9.54766307e-01
4.42406828e-02,9.55759317e-01
9.48749929e-02,9.05125007e-01
4.45206554e-02,9.55479345e-01
8.04881876e-02,9.19511812e-01
8.25476758e-03,9.91745232e-01
4.25101890e-03,9.95748981e-01
1.40623220e-01,8.59376780e-01
6.18009441e-02,9.38199056e-01
1.75271640e-01,8.24728360e-01
9.17296087e-02,9.08270391e-01
1.31625879e-02,9.86837412e-01
2.79613599e-02,9.72038640e-01
4.13996214e-02,9.58600379e-01
1.05663295e-01,8.94336705e-01
4.30639227e-02,9.56936077e-01
6.04842232e-02,9.39515777e-01
4.54552787e-02,9.54544721e-01
7.00045121e-02,9.29995488e-01
9.99656796e-02,9.00034320e-01
4.26999619e-02,9.57300038e-01
3.04292114e-02,9.69570789e-01
9.60875265e-02,9.03912473e-01
1.05502879e-02,9.89449712e-01
1.90541821e-02,9.80945818e-01
8.49715539e-02,9.15028446e-01
4.37292739e-03,9.95627073e-01
4.40496470e-02,9.55950353e-01
3.79296503e-02,9.62070350e-01
2.96564081e-02,9.70343592e-01
3.22863297e-02,9.67713670e-01
2.35846865e-02,9.76415313e-01
3.11122952e-02,9.68887705e-01
1.02806816e-02,9.89719318e-01
2.54431256e-02,9.74556874e-01
3.38154918e-02,9.66184508e-01
1.00490522e-01,8.99509478e-01
1.75180632e-02,9.82481937e-01
1.03250465e-02,9.89674953e-01
1.77641353e-02,9.82235865e-01
5.30008623e-02,9.46999138e-01
8.15335745e-02,9.18466426e-01
4.89860849e-02,9.51013915e-01
7.43200175e-02,9.25679982e-01
1.87608146e-02,9.81239185e-01
2.12804470e-02,9.78719553e-01
7.10959879e-02,9.28904012e-01
6.06358773e-02,9.39364123e-01
1.34232442e-03,9.98657676e-01
2.64821424e-02,9.73517858e-01
1.20275016e-01,8.79724984e-01
1.95964915e-02,9.80403509e-01
1.03151601e-01,8.96848399e-01
1.25451533e-01,8.74548467e-01
1.27858130e-01,8.72141870e-01
4.57455202e-04,9.99542545e-01
9.31802330e-02,9.06819767e-01
1.69293708e-02,9.83070629e-01
2.20131952e-02,9.77986805e-01
9.86877592e-03,9.90131224e-01
4.40214718e-02,9.55978528e-01
1.84150736e-02,9.81584926e-01
6.23382178e-02,9.37661782e-01
3.92674364e-02,9.60732564e-01
2.48526721e-03,9.97514733e-01
1.85981307e-02,9.81401869e-01
8.84236246e-02,9.11576375e-01
7.09926931e-03,9.92900731e-01
2.88595926e-02,9.71140407e-01
6.07831824e-02,9.39216818e-01
3.28501935e-02,9.67149807e-01
2.80767261e-02,9.71923274e-01
1.14104358e-03,9.98858956e-01
4.67737346e-02,9.53226265e-01
1.25954430e-02,9.87404557e-01
5.14608166e-02,9.48539183e-01
8.40724908e-02,9.15927509e-01
6.62205578e-02,9.33779442e-01
2.33245812e-03,9.97667542e-01
1.73830163e-02,9.82616984e-01
8.14214764e-03,9.91857852e-01
3.39111636e-02,9.66088836e-01
5.36320611e-02,9.46367939e-01
7.37060213e-02,9.26293979e-01
1.69959778e-02,9.83004022e-01
3.30801699e-03,9.96691983e-01
4.31459684e-02,9.56854032e-01
3.33565925e-03,9.96664341e-01
5.18180349e-02,9.48181965e-01
3.60768149e-03,9.96392319e-01
4.28721990e-04,9.99571278e-01
5.96158867e-02,9.40384113e-01
5.00041023e-02,9.49995898e-01
1.08531680e-01,8.91468320e-01
1.13578251e-02,9.88642175e-01
1.65066042e-02,9.83493396e-01
6.33124814e-03,9.93668752e-01
7.87193929e-02,9.21280607e-01
4.68470855e-03,9.95315291e-01
6.12743713e-02,9.38725629e-01
9.23224559e-02,9.07677544e-01
3.73426851e-02,9.62657315e-01
9.82421735e-01,1.75782652e-02
9.87949290e-01,1.20507098e-02
9.27889321e-01,7.21106788e-02
9.55680959e-01,4.43190409e-02
9.70037102e-01,2.99628981e-02
9.89693826e-01,1.03061741e-02
9.98009354e-01,1.99064568e-03
9.83851969e-01,1.61480306e-02
9.06973385e-01,9.30266155e-02
9.05579856e-01,9.44201442e-02
9.94029600e-01,5.97039963e-03
9.29232034e-01,7.07679661e-02
9.67847596e-01,3.21524036e-02
9.66980544e-01,3.30194565e-02
9.34824943e-01,6.51750566e-02
8.88936294e-01,1.11063706e-01
9.86009825e-01,1.39901745e-02
9.92535598e-01,7.46440234e-03
9.46477604e-01,5.35223965e-02
9.42273634e-01,5.77263656e-02
9.55887852e-01,4.41121483e-02
9.61187213e-01,3.88127873e-02
9.86571176e-01,1.34288238e-02
9.98640002e-01,1.35999789e-03
9.99568454e-01,4.31545653e-04
9.19274687e-01,8.07253129e-02
9.66104721e-01,3.38952786e-02
9.61737563e-01,3.82624374e-02
9.27088051e-01,7.29119486e-02
9.66139652e-01,3.38603483e-02
9.50053410e-01,4.99465896e-02
9.52796681e-01,4.72033191e-02
8.81227001e-01,1.18772999e-01
9.91067993e-01,8.93200694e-03
9.65163198e-01,3.48368016e-02
9.48142927e-01,5.18570726e-02
9.61008700e-01,3.89912997e-02
9.25565821e-01,7.44341793e-02
8.62884194e-01,1.37115806e-01
9.76022928e-01,2.39770723e-02
9.74769893e-01,2.52301074e-02
9.16713815e-01,8.32861848e-02
9.63324035e-01,3.66759652e-02
9.26216868e-01,7.37831316e-02
9.95649238e-01,4.35076159e-03
9.91795661e-01,8.20433863e-03
9.95303557e-01,4.69644315e-03
9.59387806e-01,4.06121936e-02
9.72286296e-01,2.77137038e-02
9.72828862e-01,2.71711380e-02
9.43678655e-01,5.63213453e-02
9.54768916e-01,4.52310837e-02
9.53141387e-01,4.68586128e-02
8.96598402e-01,1.03401598e-01
9.98024349e-01,1.97565113e-03
8.85443692e-01,1.14556308e-01
9.91862173e-01,8.13782655e-03
8.78865296e-01,1.21134704e-01
9.96943311e-01,3.05668892e-03
9.96411767e-01,3.58823338e-03
9.45715963e-01,5.42840375e-02
9.06435774e-01,9.35642259e-02
9.71414115e-01,2.85858852e-02
9.92951619e-01,7.04838057e-03
9.19560044e-01,8.04399560e-02
9.91156006e-01,8.84399450e-03
9.71720134e-01,2.82798655e-02
9.69424429e-01,3.05755708e-02
8.51090462e-01,1.48909538e-01
9.15955526e-01,8.40444736e-02
9.72411845e-01,2.75881550e-02
9.91232739e-01,8.76726104e-03
9.68969983e-01,3.10300165e-02
9.66688039e-01,3.33119608e-02
9.28327955e-01,7.16720450e-02
9.69430394e-01,3.05696057e-02
9.13854655e-01,8.61453452e-02
9.85080948e-01,1.49190521e-02
9.67443965e-01,3.25560354e-02
9.67324024e-01,3.26759758e-02
9.91158955e-01,8.84104526e-03
9.39668889e-01,6.03311115e-02
9.63476819e-01,3.65231806e-02
9.69083815e-01,3.09161846e-02
9.74658386e-01,2.53416137e-02
9.82383470e-01,1.76165302e-02
9.90411048e-01,9.58895227e-03
9.88936313e-01,1.10636867e-02
9.99436867e-01,5.63132894e-04
9.70992641e-01,2.90073594e-02
9.33628873e-01,6.63711271e-02
9.89872710e-01,1.01272896e-02
9.48612630e-01,5.13873702e-02
9.49241363e-01,5.07586370e-02
9.92083441e-01,7.91655894e-03
9.68207071e-01,3.17929286e-02
8.83010159e-01,1.16989841e-01
9.82945480e-01,1.70545202e-02
9.14610628e-01,8.53893716e-02
9.59156473e-01,4.08435270e-02
9.55897301e-01,4.41026988e-02
9.47438904e-01,5.25610955e-02
9.77105056e-01,2.28949438e-02
9.73681078e-01,2.63189224e-02
9.00154475e-01,9.98455249e-02
9.74897425e-01,2.51025749e-02
9.35040985e-01,6.49590149e-02
9.54411689e-01,4.55883110e-02
9.73286992e-01,2.67130084e-02
8.82078134e-01,1.17921866e-01
9.07728073e-01,9.22719267e-02
9.92472978e-01,7.52702164e-03
9.37407868e-01,6.25921320e-02
9.85318407e-01,1.46815933e-02
9.65068696e-01,3.49313043e-02
9.94902645e-01,5.09735525e-03
9.74303030e-01,2.56969703e-02
9.06844787e-01,9.31552130e-02
9.60422405e-01,3.95775948e-02
8.99343227e-01,1.00656773e-01
9.47931585e-01,5.20684154e-02
9.90646101e-01,9.35389937e-03
9.23189264e-01,7.68107360e-02
9.19836250e-01,8.01637502e-02
9.02434591e-01,9.75654091e-02
9.67765687e-01,3.22343129e-02
9.59035688e-01,4.09643118e-02
9.60538699e-01,3.94613009e-02
9.82218192e-01,1.77818084e-02
9.90885057e-01,9.11494280e-03
9.32567898e-01,6.74321020e-02
9.73143008e-01,2.68569917e-02
9.26783717e-01,7.32162827e-02
9.60178931e-01,3.98210692e-02
8.90706458e-01,1.09293542e-01
9.07016143e-01,9.29838566e-02
8.95558245e-01,1.04441755e-01
9.11953048e-01,8.80469522e-02
9.66550826e-01,3.34491744e-02
8.99773036e-01,1.00226964e-01
9.59458333e-01,4.05416666e-02
9.50705160e-01,4.92948397e-02
9.79416165e-01,2.05838348e-02
9.49093086e-01,5.09069142e-02
9.49417901e-01,5.05820992e-02
9.63828085e-01,3.61719150e-02
9.77259977e-01,2.27400228e-02
8.95778064e-01,1.04221936e-01
9.51515230e-01,4.84847702e-02
9.74780905e-01,2.52190951e-02
9.97473692e-01,2.52630770e-03
9.78851177e-01,2.11488226e-02
9.87909447e-01,1.20905525e-02
9.48697881e-01,5.13021192e-02
9.95080673e-01,4.91932731e-03
9.28847216e-01,7.11527837e-02
9.68555109e-01,3.14448909e-02
9.59518191e-01,4.04818087e-02
8.97320205e-01,1.02679795e-01
9.18134750e-01,8.18652500e-02
9.55163664e-01,4.48363364e-02
9.68756724e-01,3.12432762e-02
9.72386586e-01,2.76134137e-02
8.65014847e-01,1.34985153e-01
8.88525421e-01,1.11474579e-01
9.96783014e-01,3.21698557e-03
9.90498683e-01,9.50131726e-03
9.95872987e-01,4.12701275e-03
9.62795103e-01,3.72048966e-02
9.86452980e-01,1.35470204e-02
9.82638857e-01,1.73611434e-02
9.90051565e-01,9.94843465e-03
9.74357273e-01,2.56427270e-02
8.45456331e-01,1.54543669e-01
8.58187124e-01,1.41812876e-01
9.40365655e-01,5.96343450e-02
9.95723730e-01,4.27627042e-03
9.87486798e-01,1.25132016e-02
9.85602481e-01,1.43975185e-02
9.27350561e-01,7.26494390e-02
9.77115876e-01,2.28841240e-02
9.89998374e-01,1.00016263e-02
9.67739557e-01,3.22604427e-02
9.99749969e-01,2.50031200e-04
9.80885280e-01,1.91147202e-02
9.63493509e-01,3.65064910e-02
9.88116676e-01,1.18833240e-02
9.78905524e-01,2.10944757e-02
9.58990509e-01,4.10094910e-02
9.80305066e-01,1.96949339e-02
9.55807918e-01,4.41920816e-02
8.56224804e-01,1.43775196e-01
9.88957712e-01,1.10422881e-02
9.61346652e-01,3.86533478e-02
9.67399483e-01,3.26005166e-02
8.80072970e-01,1.19927030e-01
9.82529102e-01,1.74708982e-02
9.31197284e-01,6.88027164e-02
9.79898393e-01,2.01016071e-02
9.93863173e-01,6.13682697e-03
9.86316713e-01,1.36832871e-02
9.81309891e-01,1.86901091e-02
9.31044967e-01,6.89550328e-02
9.72726562e-01,2.72734382e-02
8.80618778e-01,1.19381222e-01
9.36268358e-01,6.37316422e-02
9.38812855e-01,6.11871447e-02
9.57963776e-01,4.20362241e-02
9.83875994e-01,1.61240063e-02
9.98248959e-01,1.75104051e-03
9.84972563e-01,1.50274371e-02
9.60948804e-01,3.90511962e-02
9.87597112e-01,1.24028882e-02
9.13428581e-01,8.65714190e-02
9.83844437e-01,1.61555626e-02
9.97057680e-01,2.94232008e-03
9.78380433e-01,2.16195673e-02
9.75005190e-01,2.49948105e-02
9.33692832e-01,6.63071677e-02
9.67028049e-01,3.29719512e-02
9.89335337e-01,1.06646630e-02
9.16741473e-01,8.32585270e-02
9.79999972e-01,2.00000279e-02
9.82622777e-01,1.73772230e-02
9.21746176e-01,7.82538237e-02
9.96010418e-01,3.98958223e-03
9.65321491e-01,3.46785088e-02
9.59927553e-01,4.00724471e-02
9.25080178e-01,7.49198220e-02
9.78319078e-01,2.16809215e-02
8.72519872e-01,1.27480128e-01
9.91226835e-01,8.77316499e-03
9.98354977e-01,1.64502291e-03
9.95824497e-01,4.17550328e-03
9.87562180e-01,1.24378199e-02
9.83948285e-01,1.60517151e-02
9.71560739e-01,2.84392609e-02
9.66708701e-01,3.32912991e-02
9.03245066e-01,9.67549343e-02
9.69724765e-01,3.02752346e-02
9.14948826e-01,8.50511738e-02
9.70282232e-01,2.97177684e-02
9.96168688e-01,3.83131190e-03
9.87560036e-01,1.24399641e-02
9.80599968e-01,1.94000323e-02
9.83906878e-01,1.60931217e-02
9.38690847e-01,6.13091532e-02
9.81519355e-01,1.84806449e-02
8.87776817e-01,1.12223183e-01
9.62910126e-01,3.70898738e-02
9.68501592e-01,3.14984080e-02
8.98492428e-01,1.01507572e-01
9.93644408e-01,6.35559200e-03
9.92898691e-01,7.10130853e-03
9.91606701e-01,8.39329936e-03
8.88719419e-01,1.11280581e-01
9.48397034e-01,5.16029657e-02
9.47566179e-01,5.24338208e-02
9.55715367e-01,4.42846333e-02
9.41271521e-01,5.87284786e-02
8.15041833e-01,1.84958167e-01
9.71621447e-01,2.83785527e-02
9.88049403e-01,1.19505969e-02
9.67879848e-01,3.21201520e-02
8.75549814e-01,1.24450186e-01
9.64479940e-01,3.55200601e-02
9.38455002e-01,6.15449978e-02
9.80138838e-01,1.98611619e-02
9.88810702e-01,1.11892984e-02
9.25946838e-01,7.40531619e-02
9.96981480e-01,3.01851975e-03
9.43252681e-01,5.67473188e-02
9.88233475e-01,1.17665246e-02
9.38176428e-01,6.18235721e-02
9.77921126e-01,2.20788735e-02
9.77618976e-01,2.23810235e-02
9.83280608e-01,1.67193925e-02
9.86879435e-01,1.31205648e-02
9.53321369e-01,4.66786312e-02
9.89874945e-01,1.01250545e-02
9.36314852e-01,6.36851479e-02
9.93959300e-01,6.04069979e-03
9.24194349e-01,7.58056509e-02
9.85396265e-01,1.46037352e-02
9.91042093e-01,8.95790682e-03
9.94204343e-01,5.79565693e-03
9.61061599e-01,3.89384007e-02
9.86213544e-01,1.37864559e-02
9.02317041e-01,9.76829590e-02
9.40439715e-01,5.95602851e-02
9.10131686e-01,8.98683138e-02
9.56144067e-01,4.38559333e-02
9.52439671e-01,4.75603292e-02
9.25616010e-01,7.43839895e-02
9.83553071e-01,1.64469295e-02
9.94717245e-01,5.28275541e-03
8.38070167e-01,1.61929833e-01
9.90582859e-01,9.41714134e-03
8.91437003e-01,1.08562997e-01
9.65515208e-01,3.44847919e-02
9.71777915e-01,2.82220853e-02
9.67104088e-01,3.28959125e-02
9.53112205e-01,4.68877952e-02
9.69519455e-01,3.04805446e-02
9.92855026e-01,7.14497435e-03
9.13640698e-01,8.63593020e-02
8.73657882e-01,1.26342118e-01
9.95079116e-01,4.92088434e-03
9.43682796e-01,5.63172043e-02
9.96421119e-01,3.57888084e-03
9.06744676e-01,9.32553239e-02
9.31039187e-01,6.89608135e-02
9.41587548e-01,5.84124525e-02
9.91814487e-01,8.18551281e-03
9.95562670e-01,4.43733007e-03
9.60689924e-01,3.93100760e-02
9.78361713e-01,2.16382869e-02
9.94516599e-01,5.48340107e-03
9.56638886e-01,4.33611135e-02
9.87232941e-01,1.27670588e-02
9.65159962e-01,3.48400384e-02
9.75894347e-01,2.41056532e-02
9.71035922e-01,2.89640782e-02
9.41324370e-01,5.86756303e-02
9.64524070e-01,3.54759301e-02
8.99064537e-01,1.00935463e-01
9.45706946e-01,5.42930539e-02
9.97423020e-01,2.57697985e-03
9.69371490e-01,3.06285105e-02
9.95776279e-01,4.22372072e-03
9.17357605e-01,8.26423945e-02
9.94253088e-01,5.74691217e-03
9.85897135e-01,1.41028650e-02
9.80028861e-01,1.99711394e-02
9.76020073e-01,2.39799275e-02
9.32873338e-01,6.71266616e-02
9.93217631e-01,6.78236922e-03
9.78325051e-01,2.16749493e-02
9.50797025e-01,4.92029751e-02
9.61051181e-01,3.89488186e-02
9.85419133e-01,1.45808669e-02
9.01599950e-01,9.84000502e-02
9.85434466e-01,1.45655340e-02
9.24527529e-01,7.54724709e-02
9.10102431e-01,8.98975690e-02
9.99882371e-01,1.17629463e-04
9.33711019e-01,6.62889807e-02
8.76425999e-01,1.23574001e-01
9.64480444e-01,3.55195561e-02
9.10786239e-01,8.92137607e-02
9.26961105e-01,7.30388951e-02
9.74063768e-01,2.59362319e-02
9.93744993e-01,6.25500687e-03
9.55613195e-01,4.43868050e-02
9.84414268e-01,1.55857321e-02
9.68434271e-01,3.15657290e-02
9.43797620e-01,5.62023804e-02
9.35267294e-01,6.47327063e-02
9.53855683e-01,4.61443170e-02
9.52235477e-01,4.77645231e-02
9.81774879e-01,1.82251208e-02
9.43108319e-01,5.68916813e-02
9.16816255e-01,8.31837449e-02
9.96086019e-01,3.91398074e-03
9.69328577e-01,3.06714228e-02
9.70899511e-01,2.91004887e-02
9.52341798e-01,4.76582021e-02
8.91556797e-01,1.08443203e-01
9.89911049e-01,1.00889513e-02
9.53199113e-01,4.68008869e-02
9.75342025e-01,2.46579747e-02
9.73697335e-01,2.63026655e-02
9.74139549e-01,2.58604508e-02
9.35093393e-01,6.49066070e-02
9.87103758e-01,1.28962416e-02
9.97883027e-01,2.11697280e-03
9.56420561e-01,4.35794388e-02
9.12090439e-01,8.79095605e-02
9.09173693e-01,9.08263071e-02
9.48403267e-01,5.15967332e-02
9.52684025e-01,4.73159751e-02
9.97068585e-01,2.93141516e-03
9.29334079e-01,7.06659211e-02
9.68714839e-01,3.12851614e-02
9.80452759e-01,1.95472406e-02
9.96547746e-01,3.45225381e-03
8.68903546e-01,1.31096454e-01
9.80230708e-01,1.97692920e-02
9.98956001e-01,1.04399859e-03
9.57641640e-01,4.23583597e-02
9.93861383e-01,6.13861702e-03
9.82512399e-01,1.74876006e-02
9.58067708e-01,4.19322919e-02
9.94413569e-01,5.58643140e-03
9.81562294e-01,1.84377063e-02
9.38014428e-01,6.19855720e-02
9.02101425e-01,9.78985751e-02
9.79560269e-01,2.04397314e-02
8.65682976e-01,1.34317024e-01
8.98936162e-01,1.01063838e-01
9.89890743e-01,1.01092569e-02
9.50247935e-01,4.97520652e-02
9.61048155e-01,3.89518451e-02
9.97128302e-01,2.87169778e-03
9.48730566e-01,5.12694343e-02
9.51846155e-01,4.81538450e-02
9.98324370e-01,1.67562978e-03
9.73312915e-01,2.66870849e-02
9.84511478e-01,1.54885218e-02
9.57751777e-01,4.22482233e-02
9.97338803e-01,2.66119714e-03
9.17628093e-01,8.23719072e-02
9.35633348e-01,6.43666517e-02
9.51448556e-01,4.85514443e-02
9.93448531e-01,6.55146880e-03
9.96752599e-01,3.24740087e-03
9.72470238e-01,2.75297619e-02
9.24752756e-01,7.52472444e-02
9.88700481e-01,1.12995187e-02
9.84719032e-01,1.52809683e-02
8.30685974e-01,1.69314026e-01
9.88263829e-01,1.17361709e-02
9.96957914e-01,3.04208631e-03
9.78717467e-01,2.12825332e-02
9.69031820e-01,3.09681798e-02
9.85096726e-01,1.49032740e-02
9.78196319e-01,2.18036806e-02
9.98591215e-01,1.40878512e-03
9.30943465e-01,6.90565352e-02
9.35676329e-01,6.43236712e-02
9.47812894e-01,5.21871060e-02
9.85910332e-01,1.40896683e-02
9.67038220e-01,3.29617795e-02
9.47635053e-01,5.23649475e-02
9.82225432e-01,1.77745677e-02
9.85466494e-01,1.45335065e-02
9.71949554e-01,2.80504461e-02
9.98877667e-01,1.12233256e-03
9.95889715e-01,4.11028485e-03
9.05004028e-01,9.49959724e-02
9.28825535e-01,7.11744647e-02
9.32363888e-01,6.76361120e-02
9.19824063e-01,8.01759367e-02
9.80386271e-01,1.96137289e-02
9.96247715e-01,3.75228455e-03
8.81917664e-01,1.18082336e-01
9.09926788e-01,9.00732121e-02
9.03269133e-01,9.67308671e-02
8.54387933e-01,1.45612067e-01
9.95978251e-01,4.02174916e-03
9.75379825e-01,2.46201747e-02
9.09192999e-01,9.08070006e-02
9.54060165e-01,4.59398350e-02
9.49035984e-01,5.09640165e-02
9.38666271e-01,6.13337290e-02
9.45192952e-01,5.48070476e-02
8.55554282e-01,1.44445718e-01
9.83323342e-01,1.66766579e-02
9.96294642e-01,3.70535756e-03
9.84081023e-01,1.59189772e-02
9.50894958e-01,4.91050419e-02
9.86870590e-01,1.31294103e-02
9.36947024e-01,6.30529756e-02
9.40722627e-01,5.92773730e-02
9.87938422e-01,1.20615784e-02
9.74221292e-01,2.57787077e-02
9.99472721e-01,5.27278650e-04
9.96370183e-01,3.62981657e-03
9.90103941e-01,9.89605896e-03
9.96834852e-01,3.16514751e-03
9.63924786e-01,3.60752138e-02
9.81824262e-01,1.81757378e-02
9.53576878e-01,4.64231221e-02
9.88294332e-01,1.17056675e-02
9.76206812e-01,2.37931876e-02
9.41833323e-01,5.81666770e-02
9.46001543e-01,5.39984575e-02
9.97485812e-01,2.51418761e-03
9.39015902e-01,6.09840978e-02
9.94200219e-01,5.79978115e-03
9.66871238e-01,3.31287624e-02
9.92540815e-01,7.45918471e-03
9.95688719e-01,4.31128130e-03
8.16180872e-01,1.83819128e-01
9.56569117e-01,4.34308828e-02
9.10750673e-01,8.92493268e-02
9.70789352e-01,2.92106475e-02
9.96999418e-01,3.00058155e-03
9.23713290e-01,7.62867095e-02
9.75852997e-01,2.41470034e-02
9.93034117e-01,6.96588330e-03
9.69783172e-01,3.02168282e-02
9.06114804e-01,9.38851957e-02
9.93276457e-01,6.72354323e-03
9.93402689e-01,6.59731112e-03
9.70951361e-01,2.90486391e-02
9.93370398e-01,6.62960153e-03
9.58789236e-01,4.12107643e-02
9.66215443e-01,3.37845571e-02
9.31280900e-01,6.87191000e-02
9.31976598e-01,6.80234023e-02
9.95483379e-01,4.51662057e-03
9.98160430e-01,1.83957000e-03
9.78725684e-01,2.12743156e-02
9.98646305e-01,1.35369452e-03
9.64611539e-01,3.53884614e-02
9.99015504e-01,9.84496358e-04
9.91062530e-01,8.93747042e-03
9.95539827e-01,4.46017303e-03
9.48538180e-01,5.14618200e-02
9.82217398e-01,1.77826025e-02
9.70147966e-01,2.98520337e-02
9.89673931e-01,1.03260690e-02
9.88729360e-01,1.12706404e-02
9.65779627e-01,3.42203734e-02
9.90018181e-01,9.98181901e-03
9.55726251e-01,4.42737485e-02
9.09070849e-01,9.09291512e-02
9.80317073e-01,1.96829275e-02
9.61442266e-01,3.85577336e-02
9.48087030e-01,5.19129705e-02
9.99288079e-01,7.11921449e-04
9.86237841e-01,1.37621590e-02
9.47987106e-01,5.20128936e-02
9.83374217e-01,1.66257834e-02
9.98038755e-01,1.96124482e-03
9.93867372e-01,6.13262821e-03
9.89700087e-01,1.02999127e-02
8.96490633e-01,1.03509367e-01
9.94629633e-01,5.37036657e-03
9.78015377e-01,2.19846227e-02
9.79817802e-01,2.01821979e-02
9.67833049e-01,3.21669509e-02
9.81214823e-01,1.87851775e-02
9.96040829e-01,3.95917147e-03
9.82931492e-01,1.70685076e-02
9.32559703e-01,6.74402970e-02
9.61893386e-01,3.81066137e-02
9.87249413e-01,1.27505874e-02
9.18657004e-01,8.13429955e-02
9.13075820e-01,8.69241800e-02
9.97983656e-01,2.01634434e-03
9.86573752e-01,1.34262481e-02
9.95278014e-01,4.72198617e-03
9.93661591e-01,6.33840858e-03
9.32099989e-01,6.79000107e-02
9.86803054e-01,1.31969461e-02
9.83261080e-01,1.67389195e-02
9.37388159e-01,6.26118411e-02
9.20950828e-01,7.90491720e-02
9.60760766e-01,3.92392339e-02
9.58299586e-01,4.17004142e-02
9.90187322e-01,9.81267773e-03
9.60384529e-01,3.96154713e-02
9.65076776e-01,3.49232237e-02
9.73470295e-01,2.65297052e-02
9.56173149e-01,4.38268514e-02
9.89150175e-01,1.08498253e-02
9.11699463e-01,8.83005370e-02
9.43539355e-01,5.64606446e-02
9.44902282e-01,5.50977183e-02
9.37770564e-01,6.22294358e-02
9.55952789e-01,4.40472106e-02
9.68778475e-01,3.12215246e-02
9.96461033e-01,3.53896750e-03
8.86075227e-01,1.13924773e-01
8.93071168e-01,1.06928832e-01
9.54601415e-01,4.53985849e-02
9.45164947e-01,5.48350530e-02
9.96879179e-01,3.12082082e-03
9.45136017e-01,5.48639827e-02
9.58674375e-01,4.13256250e-02
9.12616652e-01,8.73833478e-02
9.14052564e-01,8.59474355e-02
8.71512324e-01,1.28487676e-01
9.94214640e-01,5.78536030e-03
9.27868370e-01,7.21316299e-02
9.74155696e-01,2.58443042e-02
9.32238338e-01,6.77616619e-02
9.93133849e-01,6.86615142e-03
9.44218296e-01,5.57817042e-02
9.70918653e-01,2.90813471e-02
9.51691865e-01,4.83081345e-02
9.61886251e-01,3.81137493e-02
9.87287782e-01,1.27122182e-02
9.98045037e-01,1.95496258e-03
8.90263253e-01,1.09736747e-01
9.82202156e-01,1.77978437e-02
9.24034282e-01,7.59657183e-02
9.34674788e-01,6.53252123e-02
9.56712116e-01,4.32878845e-02
9.24269740e-01,7.57302597e-02
8.93507980e-01,1.06492020e-01
9.71607602e-01,2.83923982e-02
9.96530724e-01,3.46927624e-03
9.91288107e-01,8.71189289e-03
9.73142187e-01,2.68578125e-02
9.93793095e-01,6.20690528e-03
9.91395617e-01,8.60438270e-03
9.88511332e-01,1.14886681e-02
9.79385536e-01,2.06144643e-02
9.48428670e-01,5.15713301e-02
9.40587592e-01,5.94124075e-02
9.57192388e-01,4.28076118e-02
8.97900660e-01,1.02099340e-01
9.39294326e-01,6.07056738e-02
9.70631317e-01,2.93686832e-02
9.93945351e-01,6.05464889e-03
9.67269203e-01,3.27307973e-02
9.84020141e-01,1.59798589e-02
9.43495384e-01,5.65046164e-02
9.52036864e-01,4.79631356e-02
8.98869727e-01,1.01130273e-01
9.70402762e-01,2.95972378e-02
9.72488942e-01,2.75110582e-02
9.56159360e-01,4.38406398e-02
9.18052865e-01,8.19471352e-02
9.48991999e-01,5.10080012e-02
9.54381153e-01,4.56188468e-02
9.78606349e-01,2.13936506e-02
9.46924159e-01,5.30758410e-02
8.98881659e-01,1.01118341e-01
8.68844440e-01,1.31155560e-01
9.07186261e-01,9.28137392e-02
9.86919634e-01,1.30803659e-02
9.68427996e-01,3.15720041e-02
9.51575993e-01,4.84240070e-02
9.55187074e-01,4.48129256e-02
9.80655618e-01,1.93443819e-02
9.66301542e-01,3.36984581e-02
9.43987782e-01,5.60122180e-02
9.93774541e-01,6.22545901e-03
9.88624560e-01,1.13754395e-02
9.99645555e-01,3.54445239e-04
9.57619121e-01,4.23808791e-02
9.49290013e-01,5.07099870e-02
9.20321814e-01,7.96781863e-02
9.63611628e-01,3.63883717e-02
9.83135468e-01,1.68645324e-02
9.83398093e-01,1.66019066e-02
9.92509580e-01,7.49042027e-03
8.65268877e-01,1.34731123e-01
9.86202232e-01,1.37977676e-02
9.61153265e-01,3.88467347e-02
8.96403128e-01,1.03596872e-01
9.86536582e-01,1.34634177e-02
9.33793761e-01,6.62062388e-02
9.79419360e-01,2.05806397e-02
9.00850340e-01,9.91496596e-02
8.48174069e-01,1.51825931e-01
9.93606712e-01,6.39328769e-03
9.84075263e-01,1.59247366e-02
9.85092109e-01,1.49078907e-02
9.40168662e-01,5.98313383e-02
9.15914229e-01,8.40857715e-02
9.33711785e-01,6.62882148e-02
9.93934060e-01,6.06594018e-03
9.99614289e-01,3.85710539e-04
9.21005430e-01,7.89945696e-02
9.64037939e-01,3.59620606e-02
9.16528998e-01,8.34710022e-02
9.94198699e-01,5.80130086e-03
9.36719127e-01,6.32808729e-02
9.46864526e-01,5.31354744e-02
9.84149869e-01,1.58501308e-02
9.76611106e-01,2.33888935e-02
9.94621630e-01,5.37836972e-03
9.92899858e-01,7.10014217e-03
9.54048272e-01,4.59517276e-02
8.80879989e-01,1.19120011e-01
9.79741774e-01,2.02582264e-02
9.65403837e-01,3.45961629e-02
9.55226100e-01,4.47739001e-02
9.78367247e-01,2.16327532e-02
9.92583252e-01,7.41674753e-03
8.77926234e-01,1.22073766e-01
9.80999444e-01,1.90005558e-02
9.64100629e-01,3.58993706e-02
9.92368907e-01,7.63109329e-03
9.99147178e-01,8.52821590e-04
9.36999550e-01,6.30004501e-02
9.08574290e-01,9.14257102e-02
8.77742390e-01,1.22257610e-01
9.55632115e-01,4.43678850e-02
9.62491330e-01,3.75086695e-02
8.34011999e-01,1.65988001e-01
9.53932488e-01,4.60675117e-02
9.94848371e-01,5.15162878e-03
9.56058063e-01,4.39419369e-02
9.45325013e-01,5.46749870e-02
9.97744792e-01,2.25520824e-03
9.37796201e-01,6.22037988e-02
9.27123380e-01,7.28766203e-02
9.49984682e-01,5.00153183e-02
8.51699695e-01,1.48300305e-01
9.30038739e-01,6.99612613e-02
9.39149415e-01,6.08505846e-02
9.95070811e-01,4.92918904e-03
9.67749626e-01,3.22503743e-02
9.39105456e-01,6.08945436e-02
9.46220391e-01,5.37796091e-02
9.80784294e-01,1.92157055e-02
9.95977275e-01,4.02272488e-03
9.85294429e-01,1.47055711e-02
9.95413081e-01,4.58691885e-03
9.65196113e-01,3.48038867e-02
9.90749487e-01,9.25051316e-03
9.44536420e-01,5.54635798e-02
9.89893340e-01,1.01066601e-02
8.83890345e-01,1.16109655e-01
9.73740815e-01,2.62591854e-02
9.69399017e-01,3.06009830e-02
9.45057384e-01,5.49426160e-02
9.87275888e-01,1.27241123e-02
9.26657146e-01,7.33428544e-02
9.83737934e-01,1.62620656e-02
9.74379469e-01,2.56205307e-02
9.96725378e-01,3.27462156e-03
9.61299619e-01,3.87003812e-02
9.44893304e-01,5.51066963e-02
9.42829519e-01,5.71704805e-02
9.98202640e-01,1.79735980e-03
9.38603713e-01,6.13962871e-02
9.27750399e-01,7.22496012e-02
9.86876679e-01,1.31233212e-02
9.96906645e-01,3.09335497e-03
9.78795152e-01,2.12048485e-02
9.93306172e-01,6.69382751e-03
9.96664392e-01,3.33560770e-03
9.42207597e-01,5.77924028e-02
9.74207627e-01,2.57923732e-02
9.93126130e-01,6.87386978e-03
9.41141673e-01,5.88583271e-02
9.31682630e-01,6.83173703e-02
9.08826111e-01,9.11738888e-02
9.97963034e-01,2.03696629e-03
9.56776029e-01,4.32239713e-02
9.69043214e-01,3.09567858e-02
9.15215187e-01,8.47848129e-02
9.26117580e-01,7.38824205e-02
9.94467488e-01,5.53251197e-03
9.88931826e-01,1.10681736e-02
8.84792206e-01,1.15207794e-01
9.93821021e-01,6.17897939e-03
9.87106972e-01,1.28930280e-02
9.84756968e-01,1.52430316e-02
9.14846573e-01,8.51534269e-02
9.06186070e-01,9.38139303e-02
9.84442479e-01,1.55575213e-02
9.89954557e-01,1.00454431e-02
9.50011358e-01,4.99886422e-02
9.86558948e-01,1.34410525e-02
9.14803401e-01,8.51965990e-02
9.42387412e-01,5.76125881e-02
9.94959819e-01,5.04018137e-03
9.87834659e-01,1.21653412e-02
9.77099688e-01,2.29003123e-02
9.99247930e-01,7.52070135e-04
9.82320595e-01,1.76794053e-02
9.05567689e-01,9.44323107e-02
9.84154049e-01,1.58459507e-02
9.90280163e-01,9.71983707e-03
8.92150429e-01,1.07849571e-01
9.62073669e-01,3.79263308e-02
9.77414222e-01,2.25857778e-02
9.96462181e-01,3.53781863e-03
9.67062077e-01,3.29379229e-02
9.84848329e-01,1.51516710e-02
9.11455542e-01,8.85444576e-02
9.65373788e-01,3.46262115e-02
9.06475313e-01,9.35246874e-02
9.92680946e-01,7.31905412e-03
9.95247907e-01,4.75209328e-03
9.24116846e-01,7.58831544e-02
9.09210630e-01,9.07893700e-02
8.91397622e-01,1.08602378e-01
9.71626781e-01,2.83732191e-02
9.56344745e-01,4.36552546e-02
9.98199937e-01,1.80006300e-03
9.70822949e-01,2.91770512e-02
9.37480536e-01,6.25194639e-02
9.79933780e-01,2.00662203e-02
9.75240332e-01,2.47596683e-02
9.77886332e-01,2.21136684e-02
9.49917071e-01,5.00829288e-02
9.85761230e-01,1.42387699e-02
9.47056508e-01,5.29434916e-02
9.79847806e-01,2.01521936e-02
9.79045217e-01,2.09547827e-02
9.27769919e-01,7.22300812e-02
9.11363459e-01,8.86365414e-02
9.69744901e-01,3.02550987e-02
9.82426463e-01,1.75735368e-02
9.46300712e-01,5.36992882e-02
9.47968188e-01,5.20318115e-02
9.56015595e-01,4.39844051e-02
9.90121274e-01,9.87872625e-03
9.69635321e-01,3.03646794e-02
9.44535058e-01,5.54649422e-02
9.77437269e-01,2.25627307e-02
9.99298834e-01,7.01165894e-04
9.97888193e-01,2.11180684e-03
9.63167407e-01,3.68325926e-02
9.59343880e-01,4.06561197e-02
9.79754778e-01,2.02452217e-02
9.75946897e-01,2.40531033e-02
9.19891382e-01,8.01086182e-02
9.95839792e-01,4.16020824e-03
9.93196739e-01,6.80326098e-03
8.90377134e-01,1.09622866e-01
9.65087620e-01,3.49123798e-02
9.47800620e-01,5.21993803e-02
9.57881342e-01,4.21186582e-02
9.20283429e-01,7.97165714e-02
9.56243670e-01,4.37563301e-02
9.81511636e-01,1.84883645e-02
9.39551649e-01,6.04483514e-02
9.89209063e-01,1.07909373e-02
9.98382521e-01,1.61747936e-03
9.44636738e-01,5.53632622e-02
9.21745172e-01,7.82548279e-02
8.85673283e-01,1.14326717e-01
9.52075824e-01,4.79241758e-02
9.92082451e-01,7.91754914e-03
9.23370173e-01,7.66298273e-02
9.72390654e-01,2.76093456e-02
9.68443613e-01,3.15563870e-02
9.44467197e-01,5.55328030e-02
9.39671934e-01,6.03280659e-02
9.67119819e-01,3.28801809e-02
9.32125523e-01,6.78744771e-02
9.79189362e-01,2.08106375e-02
9.86894876e-01,1.31051235e-02
9.21159477e-01,7.88405232e-02
9.81399857e-01,1.86001434e-02
8.91716573e-01,1.08283427e-01
9.83617626e-01,1.63823737e-02
9.88794010e-01,1.12059898e-02
9.56338704e-01,4.36612962e-02
9.57611849e-01,4.23881513e-02
9.99848035e-01,1.51964637e-04
9.86955224e-01,1.30447764e-02
9.45321760e-01,5.46782404e-02
9.58826154e-01,4.11738455e-02
9.26953431e-01,7.30465691e-02
8.87682762e-01,1.12317238e-01
9.56792774e-01,4.32072260e-02
9.57671164e-01,4.23288365e-02
9.99099713e-01,9.00286584e-04
9.42650287e-01,5.73497128e-02
9.02405965e-01,9.75940354e-02
9.84836248e-01,1.51637516e-02
9.04650468e-01,9.53495323e-02
9.99220073e-01,7.79927429e-04
9.61216711e-01,3.87832885e-02
9.70381523e-01,2.96184768e-02
9.84532938e-01,1.54670625e-02
9.52255384e-01,4.77446157e-02
9.72652746e-01,2.73472543e-02
9.64735656e-01,3.52643440e-02
9.44708204e-01,5.52917962e-02
9.99018325e-01,9.81675279e-04
9.79398892e-01,2.06011078e-02
9.95318174e-01,4.68182581e-03
9.76157407e-01,2.38425934e-02
9.93752235e-01,6.24776506e-03
9.93014251e-01,6.98574859e-03
9.79830461e-01,2.01695392e-02
9.79167485e-01,2.08325145e-02
9.32309327e-01,6.76906727e-02
9.77266097e-01,2.27339029e-02
8.56948621e-01,1.43051379e-01
9.81456130e-01,1.85438698e-02
9.58053550e-01,4.19464495e-02
9.82891033e-01,1.71089670e-02
9.85612966e-01,1.43870338e-02
9.44384479e-01,5.56155205e-02
9.89900060e-01,1.00999396e-02
8.86584876e-01,1.13415124e-01
8.48481780e-01,1.51518220e-01
9.44399310e-01,5.56006896e-02
9.74833568e-01,2.51664318e-02
8.22535937e-01,1.77464063e-01
9.01595642e-01,9.84043584e-02
9.99037287e-01,9.62712731e-04
9.63323172e-01,3.66768284e-02
9.93618761e-01,6.38123944e-03
9.85881714e-01,1.41182864e-02
9.71437703e-01,2.85622968e-02
9.90863602e-01,9.13639817e-03
9.81948569e-01,1.80514309e-02
9.81994814e-01,1.80051861e-02
9.84365650e-01,1.56343495e-02
9.43246077e-01,5.67539228e-02
9.44729765e-01,5.52702348e-02
9.86462039e-01,1.35379612e-02
9.78118039e-01,2.18819607e-02
9.99200396e-01,7.99604370e-04
9.87458724e-01,1.25412758e-02
9.27067780e-01,7.29322201e-02
9.78144245e-01,2.18557547e-02
9.43892674e-01,5.61073264e-02
9.11343376e-01,8.86566237e-02
9.68085206e-01,3.19147935e-02
9.89546178e-01,1.04538224e-02
9.89191538e-01,1.08084619e-02
9.67539345e-01,3.24606554e-02
9.94856295e-01,5.14370512e-03
9.93398778e-01,6.60122152e-03
9.57761389e-01,4.22386107e-02
9.47888521e-01,5.21114789e-02
9.72939804e-01,2.70601957e-02
9.42349217e-01,5.76507829e-02
9.02204737e-01,9.77952634e-02
9.93515048e-01,6.48495198e-03
9.63248483e-01,3.67515166e-02
9.82979920e-01,1.70200800e-02
9.06069911e-01,9.39300895e-02
9.62933619e-01,3.70663807e-02
9.93555061e-01,6.44493895e-03
9.39342516e-01,6.06574843e-02
9.83785721e-01,1.62142794e-02
8.68933202e-01,1.31066798e-01
9.47789650e-01,5.22103497e-02
9.96237631e-01,3.76236854e-03
9.93479308e-01,6.52069181e-03
9.38073910e-01,6.19260897e-02
9.19314997e-01,8.06850033e-02
9.36040356e-01,6.39596437e-02
9.46042578e-01,5.39574215e-02
9.44802627e-01,5.51973727e-02
9.86985132e-01,1.30148682e-02
9.74399048e-01,2.56009522e-02
9.24137834e-01,7.58621664e-02
9.63473458e-01,3.65265417e-02
9.32001777e-01,6.79982226e-02
9.80429169e-01,1.95708308e-02
9.56453037e-01,4.35469627e-02
9.96014869e-01,3.98513105e-03
9.68248540e-01,3.17514597e-02
9.29860089e-01,7.01399105e-02
9.21091263e-01,7.89087368e-02
9.85877698e-01,1.41223019e-02
9.50630798e-01,4.93692021e-02
9.90285452e-01,9.71454785e-03
9.56735871e-01,4.32641292e-02
9.37449768e-01,6.25502319e-02
9.98835341e-01,1.16465946e-03
8.40842100e-01,1.59157900e-01
9.97348553e-01,2.65144710e-03
9.27214219e-01,7.27857813e-02
9.81338023e-01,1.86619770e-02
9.96356315e-01,3.64368542e-03
9.28476793e-01,7.15232070e-02
9.49829522e-01,5.01704777e-02
9.55527953e-01,4.44720472e-02
9.94931279e-01,5.06872111e-03
9.30573121e-01,6.94268789e-02
9.59024196e-01,4.09758041e-02
9.56041035e-01,4.39589650e-02
9.89133348e-01,1.08666521e-02
9.88968636e-01,1.10313638e-02
8.85524892e-01,1.14475108e-01
8.95184436e-01,1.04815564e-01
9.32054272e-01,6.79457281e-02
9.64893149e-01,3.51068514e-02
9.86275040e-01,1.37249604e-02
9.68552196e-01,3.14478035e-02
9.72035711e-01,2.79642886e-02
9.42099846e-01,5.79001545e-02
9.88129215e-01,1.18707847e-02
9.92276384e-01,7.72361550e-03
9.95098270e-01,4.90173034e-03
9.79986356e-01,2.00136436e-02
9.89647786e-01,1.03522138e-02
9.55876442e-01,4.41235584e-02
9.24188431e-01,7.58115690e-02
9.94765008e-01,5.23499159e-03
9.45969656e-01,5.40303438e-02
9.95526321e-01,4.47367907e-03
9.28969616e-01,7.10303839e-02
9.93445315e-01,6.55468537e-03
9.79022796e-01,2.09772044e-02
9.39005139e-01,6.09948615e-02
9.80704853e-01,1.92951467e-02
9.72255300e-01,2.77446998e-02
9.91884615e-01,8.11538488e-03
9.32047935e-01,6.79520650e-02
9.94681885e-01,5.31811472e-03
9.95498800e-01,4.50120024e-03
9.96655564e-01,3.34443587e-03
9.87746700e-01,1.22532998e-02
9.57013412e-01,4.29865877e-02
9.77782519e-01,2.22174812e-02
9.11753494e-01,8.82465058e-02
9.50743078e-01,4.92569224e-02
9.83498962e-01,1.65010380e-02
8.85642621e-01,1.14357379e-01
9.98360854e-01,1.63914565e-03
9.76865753e-01,2.31342473e-02
9.60634691e-01,3.93653089e-02
8.57490165e-01,1.42509835e-01
9.82834568e-01,1.71654325e-02
9.35215184e-01,6.47848158e-02
9.98616565e-01,1.38343543e-03
9.71074210e-01,2.89257900e-02
9.59759199e-01,4.02408012e-02
9.83133677e-01,1.68663231e-02
9.47846325e-01,5.21536749e-02
8.93795310e-01,1.06204690e-01
9.93277334e-01,6.72266573e-03
9.69079188e-01,3.09208119e-02
9.88661165e-01,1.13388349e-02
9.84772485e-01,1.52275150e-02
9.61016393e-01,3.89836074e-02
9.42151021e-01,5.78489795e-02
9.68239209e-01,3.17607910e-02
9.97034821e-01,2.96517917e-03
9.88478028e-01,1.15219718e-02
9.23928199e-01,7.60718010e-02
9.06488463e-01,9.35115366e-02
9.18210617e-01,8.17893826e-02
9.47835741e-01,5.21642592e-02
9.88279450e-01,1.17205498e-02
9.95779865e-01,4.22013523e-03
9.69693990e-01,3.03060096e-02
9.60606303e-01,3.93936973e-02
7.16768717e-01,2.83231283e-01
