0.174,0.826
0.121,0.879
0.121,0.879
0.114,0.886
0.101,0.899
0.232,0.768
0.173,0.827
0.123,0.877
0.181,0.819
0.257,0.743
0.128,0.872
0.148,0.852
0.145,0.855
0.061,0.939
0.084,0.916
0.149,0.851
0.147,0.853
0.052,0.948
0.153,0.847
0.159,0.841
0.19,0.81
0.139,0.861
0.103,0.897
0.157,0.843
0.213,0.787
0.209,0.791
0.152,0.848
0.13,0.87
0.136,0.864
0.137,0.863
0.226,0.774
0.172,0.828
0.206,0.794
0.163,0.837
0.135,0.865
0.104,0.896
0.096,0.904
0.053,0.947
0.139,0.861
0.121,0.879
0.103,0.897
0.085,0.915
0.068,0.932
0.058,0.942
0.103,0.897
0.181,0.819
0.188,0.812
0.307,0.693
0.023,0.977
0.055,0.945
0.065,0.935
0.178,0.822
0.077,0.923
0.162,0.838
0.145,0.855
0.113,0.887
0.243,0.757
0.128,0.872
0.027,0.973
0.1,0.9
0.106,0.894
0.137,0.863
0.054,0.946
0.063,0.937
0.13,0.87
0.148,0.852
0.223,0.777
0.257,0.743
0.183,0.817
0.182,0.818
0.196,0.804
0.136,0.864
0.248,0.752
0.089,0.911
0.059,0.941
0.172,0.828
0.065,0.935
0.111,0.889
0.186,0.814
0.16,0.84
0.265,0.735
0.142,0.858
0.094,0.906
0.252,0.748
0.091,0.909
0.196,0.804
0.106,0.894
0.177,0.823
0.092,0.908
0.104,0.896
0.106,0.894
0.176,0.824
0.09,0.91
0.059,0.941
0.174,0.826
0.103,0.897
0.25,0.75
0.236,0.764
0.246,0.754
0.208,0.792
0.195,0.805
0.085,0.915
0.148,0.852
0.061,0.939
0.12,0.88
0.112,0.888
0.214,0.786
0.181,0.819
0.116,0.884
0.192,0.808
0.088,0.912
0.122,0.878
0.051,0.949
0.194,0.806
0.132,0.868
0.149,0.851
0.108,0.892
0.163,0.837
0.2,0.8
0.042,0.958
0.284,0.716
0.164,0.836
0.228,0.772
0.127,0.873
0.131,0.869
0.151,0.849
0.201,0.799
0.171,0.829
0.209,0.791
0.178,0.822
0.252,0.748
0.079,0.921
0.168,0.832
0.178,0.822
0.148,0.852
0.199,0.801
0.142,0.858
0.165,0.835
0.144,0.856
0.196,0.804
0.173,0.827
0.149,0.851
0.219,0.781
0.126,0.874
0.157,0.843
0.258,0.742
0.208,0.792
0.092,0.908
0.227,0.773
0.178,0.822
0.182,0.818
0.179,0.821
0.171,0.829
0.118,0.882
0.049,0.951
0.068,0.932
0.118,0.882
0.162,0.838
0.095,0.905
0.105,0.895
0.022,0.978
0.093,0.907
0.134,0.866
0.263,0.737
0.186,0.814
0.065,0.935
0.198,0.802
0.087,0.913
0.156,0.844
0.171,0.829
0.082,0.918
0.123,0.877
0.253,0.747
0.159,0.841
0.095,0.905
0.255,0.745
0.12,0.88
0.124,0.876
0.17,0.83
0.113,0.887
0.246,0.754
0.285,0.715
0.2,0.8
0.087,0.913
0.189,0.811
0.186,0.814
0.198,0.802
0.095,0.905
0.153,0.847
0.154,0.846
0.027,0.973
0.105,0.895
0.134,0.866
0.081,0.919
0.227,0.773
0.258,0.742
0.207,0.793
0.067,0.933
0.187,0.813
0.21,0.79
0.198,0.802
0.209,0.791
0.199,0.801
0.081,0.919
0.137,0.863
0.176,0.824
0.17,0.83
0.168,0.832
0.158,0.842
0.146,0.854
0.129,0.871
0.101,0.899
0.175,0.825
0.18,0.82
0.155,0.845
0.05,0.95
0.12,0.88
0.207,0.793
0.233,0.767
0.172,0.828
0.149,0.851
0.115,0.885
0.162,0.838
0.127,0.873
0.046,0.954
0.224,0.776
0.16,0.84
0.24,0.76
0.075,0.925
0.184,0.816
0.076,0.924
0.165,0.835
0.045,0.955
0.194,0.806
0.118,0.882
0.194,0.806
0.044,0.956
0.156,0.844
0.196,0.804
0.227,0.773
0.184,0.816
0.225,0.775
0.249,0.751
0.072,0.928
0.142,0.858
0.167,0.833
0.168,0.832
0.145,0.855
0.183,0.817
0.206,0.794
0.099,0.901
0.165,0.835
0.134,0.866
0.203,0.797
0.026,0.974
0.127,0.873
0.168,0.832
0.081,0.919
0.128,0.872
0.145,0.855
0.194,0.806
0.199,0.801
0.095,0.905
0.139,0.861
0.201,0.799
0.1,0.9
0.111,0.889
0.149,0.851
0.121,0.879
0.227,0.773
0.116,0.884
0.184,0.816
0.046,0.954
0.208,0.792
0.149,0.851
0.167,0.833
0.074,0.926
0.108,0.892
0.162,0.838
0.136,0.864
0.261,0.739
0.183,0.817
0.129,0.871
0.102,0.898
0.239,0.761
0.223,0.777
0.111,0.889
0.207,0.793
0.072,0.928
0.041,0.959
0.132,0.868
0.174,0.826
0.12,0.88
0.241,0.759
0.087,0.913
0.135,0.865
0.138,0.862
0.184,0.816
0.178,0.822
0.136,0.864
0.145,0.855
0.141,0.859
0.101,0.899
0.048,0.952
0.147,0.853
0.11,0.89
0.131,0.869
0.183,0.817
0.065,0.935
0.15,0.85
0.082,0.918
0.166,0.834
0.267,0.733
0.125,0.875
0.273,0.727
0.054,0.946
0.158,0.842
0.177,0.823
0.145,0.855
0.087,0.913
0.112,0.888
0.191,0.809
0.26,0.74
0.124,0.876
0.079,0.921
0.16,0.84
0.237,0.763
0.161,0.839
0.07,0.93
0.083,0.917
0.027,0.973
0.187,0.813
0.11,0.89
0.182,0.818
0.103,0.897
0.175,0.825
0.189,0.811
0.2,0.8
0.138,0.862
0.058,0.942
0.199,0.801
0.072,0.928
0.117,0.883
0.249,0.751
0.132,0.868
0.085,0.915
0.085,0.915
0.082,0.918
0.167,0.833
0.114,0.886
0.111,0.889
0.241,0.759
0.046,0.954
0.141,0.859
0.16,0.84
0.143,0.857
0.144,0.856
0.086,0.914
0.294,0.706
0.112,0.888
0.082,0.918
0.146,0.854
0.169,0.831
0.166,0.834
0.169,0.831
0.17,0.83
0.155,0.845
0.031,0.969
0.038,0.962
0.23,0.77
0.226,0.774
0.13,0.87
0.155,0.845
0.146,0.854
0.137,0.863
0.078,0.922
0.111,0.889
0.111,0.889
0.061,0.939
0.111,0.889
0.13,0.87
0.217,0.783
0.239,0.761
0.237,0.763
0.083,0.917
0.061,0.939
0.209,0.791
0.147,0.853
0.088,0.912
0.059,0.941
0.238,0.762
0.192,0.808
0.281,0.719
0.202,0.798
0.152,0.848
0.083,0.917
0.112,0.888
0.098,0.902
0.094,0.906
0.163,0.837
0.113,0.887
0.221,0.779
0.232,0.768
0.246,0.754
0.062,0.938
0.073,0.927
0.123,0.877
0.155,0.845
0.17,0.83
0.061,0.939
0.104,0.896
0.186,0.814
0.119,0.881
0.157,0.843
0.257,0.743
0.097,0.903
0.104,0.896
0.121,0.879
0.166,0.834
0.148,0.852
0.276,0.724
0.067,0.933
0.091,0.909
0.133,0.867
0.131,0.869
0.134,0.866
0.16,0.84
0.219,0.781
0.069,0.931
0.133,0.867
0.17,0.83
0.189,0.811
0.096,0.904
0.186,0.814
0.128,0.872
0.232,0.768
0.147,0.853
0.25,0.75
0.164,0.836
0.185,0.815
0.045,0.955
0.27,0.73
0.186,0.814
0.06,0.94
0.228,0.772
0.161,0.839
0.082,0.918
0.246,0.754
0.164,0.836
0.151,0.849
0.22,0.78
0.115,0.885
0.21,0.79
0.141,0.859
0.304,0.696
0.204,0.796
0.191,0.809
0.086,0.914
0.039,0.961
0.154,0.846
0.069,0.931
0.07,0.93
0.127,0.873
0.183,0.817
0.208,0.792
0.08,0.92
0.05,0.95
0.159,0.841
0.248,0.752
0.101,0.899
0.243,0.757
0.22,0.78
0.198,0.802
0.164,0.836
0.205,0.795
0.068,0.932
0.166,0.834
0.044,0.956
0.211,0.789
0.134,0.866
0.172,0.828
0.116,0.884
0.107,0.893
0.111,0.889
0.207,0.793
0.068,0.932
0.094,0.906
0.163,0.837
0.153,0.847
0.178,0.822
0.099,0.901
0.083,0.917
0.051,0.949
0.102,0.898
0.244,0.756
0.171,0.829
0.163,0.837
0.152,0.848
0.091,0.909
0.222,0.778
0.086,0.914
0.073,0.927
0.166,0.834
0.027,0.973
0.196,0.804
0.089,0.911
0.153,0.847
0.204,0.796
0.252,0.748
0.064,0.936
0.141,0.859
0.028,0.972
0.102,0.898
0.073,0.927
0.138,0.862
0.045,0.955
0.21,0.79
0.14,0.86
0.088,0.912
0.104,0.896
0.051,0.949
0.099,0.901
0.166,0.834
0.066,0.934
0.243,0.757
0.164,0.836
0.171,0.829
0.021,0.979
0.169,0.831
0.204,0.796
0.186,0.814
0.156,0.844
0.075,0.925
0.076,0.924
0.16,0.84
0.03,0.97
0.147,0.853
0.082,0.918
0.031,0.969
0.065,0.935
0.169,0.831
0.092,0.908
0.129,0.871
0.153,0.847
0.161,0.839
0.202,0.798
0.151,0.849
0.093,0.907
0.215,0.785
0.187,0.813
0.062,0.938
0.216,0.784
0.163,0.837
0.173,0.827
0.176,0.824
0.143,0.857
0.174,0.826
0.192,0.808
0.039,0.961
0.027,0.973
0.084,0.916
0.129,0.871
0.086,0.914
0.233,0.767
0.101,0.899
0.206,0.794
0.158,0.842
0.06,0.94
0.09,0.91
0.152,0.848
0.02,0.98
0.225,0.775
0.15,0.85
0.128,0.872
0.147,0.853
0.053,0.947
0.238,0.762
0.166,0.834
0.1,0.9
0.113,0.887
0.125,0.875
0.066,0.934
0.137,0.863
0.15,0.85
0.279,0.721
0.19,0.81
0.13,0.87
0.168,0.832
0.123,0.877
0.118,0.882
0.147,0.853
0.127,0.873
0.192,0.808
0.034,0.966
0.13,0.87
0.176,0.824
0.089,0.911
0.258,0.742
0.129,0.871
0.125,0.875
0.127,0.873
0.028,0.972
0.066,0.934
0.174,0.826
0.128,0.872
0.253,0.747
0.105,0.895
0.211,0.789
0.148,0.852
0.258,0.742
0.125,0.875
0.207,0.793
0.255,0.745
0.123,0.877
0.033,0.967
0.101,0.899
0.196,0.804
0.157,0.843
0.157,0.843
0.283,0.717
0.167,0.833
0.079,0.921
0.193,0.807
0.116,0.884
0.193,0.807
0.162,0.838
0.177,0.823
0.159,0.841
0.18,0.82
0.193,0.807
0.037,0.963
0.068,0.932
0.22,0.78
0.214,0.786
0.148,0.852
0.202,0.798
0.145,0.855
0.071,0.929
0.08,0.92
0.145,0.855
0.173,0.827
0.168,0.832
0.111,0.889
0.077,0.923
0.264,0.736
0.146,0.854
0.171,0.829
0.132,0.868
0.133,0.867
0.063,0.937
0.051,0.949
0.154,0.846
0.134,0.866
0.229,0.771
0.168,0.832
0.086,0.914
0.109,0.891
0.161,0.839
0.103,0.897
0.032,0.968
0.108,0.892
0.148,0.852
0.275,0.725
0.188,0.812
0.144,0.856
0.121,0.879
0.119,0.881
0.303,0.697
0.106,0.894
0.13,0.87
0.16,0.84
0.09,0.91
0.12,0.88
0.08,0.92
0.028,0.972
0.156,0.844
0.142,0.858
0.151,0.849
0.155,0.845
0.108,0.892
0.189,0.811
0.136,0.864
0.193,0.807
0.198,0.802
0.179,0.821
0.146,0.854
0.207,0.793
0.054,0.946
0.125,0.875
0.261,0.739
0.159,0.841
0.127,0.873
0.168,0.832
0.078,0.922
0.043,0.957
0.238,0.762
0.095,0.905
0.201,0.799
0.182,0.818
0.128,0.872
0.143,0.857
0.146,0.854
0.07,0.93
0.103,0.897
0.157,0.843
0.132,0.868
0.161,0.839
0.25,0.75
0.057,0.943
0.093,0.907
0.206,0.794
0.159,0.841
0.158,0.842
0.171,0.829
0.237,0.763
0.167,0.833
0.055,0.945
0.076,0.924
0.168,0.832
0.151,0.849
0.087,0.913
0.065,0.935
0.097,0.903
0.145,0.855
0.175,0.825
0.093,0.907
0.078,0.922
0.207,0.793
0.205,0.795
0.195,0.805
0.145,0.855
0.039,0.961
0.087,0.913
0.142,0.858
0.151,0.849
0.201,0.799
0.156,0.844
0.087,0.913
0.044,0.956
0.212,0.788
0.064,0.936
0.033,0.967
0.086,0.914
0.116,0.884
0.222,0.778
0.055,0.945
0.148,0.852
0.283,0.717
0.096,0.904
0.152,0.848
0.129,0.871
0.216,0.784
0.168,0.832
0.224,0.776
0.226,0.774
0.126,0.874
0.075,0.925
0.137,0.863
0.189,0.811
0.132,0.868
0.228,0.772
0.146,0.854
0.148,0.852
0.244,0.756
0.208,0.792
0.226,0.774
0.151,0.849
0.235,0.765
0.104,0.896
0.067,0.933
0.168,0.832
0.258,0.742
0.031,0.969
0.155,0.845
0.208,0.792
0.069,0.931
0.125,0.875
0.1,0.9
0.085,0.915
0.298,0.702
0.141,0.859
0.182,0.818
0.166,0.834
0.051,0.949
0.026,0.974
0.144,0.856
0.265,0.735
0.102,0.898
0.166,0.834
0.163,0.837
0.191,0.809
0.156,0.844
0.198,0.802
0.199,0.801
0.141,0.859
0.121,0.879
0.136,0.864
0.123,0.877
0.166,0.834
0.108,0.892
0.181,0.819
0.109,0.891
0.076,0.924
0.121,0.879
0.107,0.893
0.141,0.859
0.062,0.938
0.141,0.859
0.128,0.872
0.134,0.866
0.221,0.779
0.112,0.888
0.099,0.901
0.173,0.827
0.051,0.949
0.172,0.828
0.268,0.732
0.107,0.893
0.075,0.925
0.159,0.841
0.103,0.897
0.175,0.825
0.147,0.853
0.153,0.847
0.173,0.827
0.167,0.833
0.087,0.913
0.065,0.935
0.255,0.745
0.182,0.818
0.256,0.744
0.14,0.86
0.178,0.822
0.159,0.841
0.119,0.881
0.173,0.827
0.197,0.803
0.205,0.795
0.066,0.934
0.049,0.951
0.188,0.812
0.106,0.894
0.168,0.832
0.182,0.818
0.127,0.873
0.121,0.879
0.155,0.845
0.102,0.898
0.07,0.93
0.19,0.81
0.212,0.788
0.093,0.907
0.185,0.815
0.2,0.8
0.13,0.87
0.09,0.91
0.075,0.925
0.228,0.772
0.155,0.845
0.177,0.823
0.09,0.91
0.084,0.916
0.237,0.763
0.08,0.92
0.088,0.912
0.261,0.739
0.084,0.916
0.265,0.735
0.135,0.865
0.138,0.862
0.134,0.866
0.171,0.829
0.143,0.857
0.099,0.901
0.195,0.805
0.053,0.947
0.272,0.728
0.059,0.941
0.298,0.702
0.31,0.69
0.172,0.828
0.211,0.789
0.17,0.83
0.098,0.902
0.082,0.918
0.141,0.859
0.239,0.761
0.165,0.835
0.087,0.913
0.09,0.91
0.171,0.829
0.107,0.893
0.207,0.793
0.122,0.878
0.165,0.835
0.069,0.931
0.03,0.97
0.192,0.808
0.131,0.869
0.03,0.97
0.263,0.737
0.142,0.858
0.177,0.823
0.028,0.972
0.136,0.864
0.128,0.872
0.174,0.826
0.189,0.811
0.157,0.843
0.135,0.865
0.066,0.934
0.163,0.837
0.105,0.895
0.106,0.894
0.135,0.865
0.154,0.846
0.11,0.89
0.228,0.772
0.204,0.796
0.205,0.795
0.186,0.814
0.213,0.787
0.185,0.815
0.074,0.926
0.041,0.959
0.16,0.84
0.204,0.796
0.178,0.822
0.19,0.81
0.168,0.832
0.205,0.795
0.13,0.87
0.134,0.866
0.114,0.886
0.179,0.821
0.125,0.875
0.219,0.781
0.126,0.874
0.132,0.868
0.125,0.875
0.09,0.91
0.216,0.784
0.162,0.838
0.184,0.816
0.132,0.868
0.139,0.861
0.117,0.883
0.093,0.907
0.136,0.864
0.162,0.838
0.126,0.874
0.275,0.725
0.155,0.845
0.052,0.948
0.214,0.786
0.129,0.871
0.179,0.821
0.156,0.844
0.113,0.887
0.033,0.967
0.202,0.798
0.029,0.971
0.081,0.919
0.217,0.783
0.222,0.778
0.147,0.853
0.065,0.935
0.069,0.931
0.097,0.903
0.112,0.888
0.076,0.924
0.122,0.878
0.075,0.925
0.162,0.838
0.25,0.75
0.223,0.777
0.116,0.884
0.121,0.879
0.201,0.799
0.19,0.81
0.178,0.822
0.233,0.767
0.169,0.831
0.175,0.825
0.086,0.914
0.196,0.804
0.119,0.881
0.197,0.803
0.16,0.84
0.151,0.849
0.104,0.896
0.156,0.844
0.102,0.898
0.172,0.828
0.094,0.906
0.033,0.967
0.112,0.888
0.072,0.928
0.035,0.965
0.087,0.913
0.096,0.904
0.149,0.851
0.21,0.79
0.195,0.805
0.088,0.912
0.12,0.88
0.175,0.825
0.113,0.887
0.145,0.855
0.134,0.866
0.144,0.856
0.107,0.893
0.105,0.895
0.193,0.807
0.09,0.91
0.16,0.84
0.174,0.826
0.089,0.911
0.06,0.94
0.089,0.911
0.083,0.917
0.199,0.801
0.169,0.831
0.128,0.872
0.18,0.82
0.189,0.811
0.13,0.87
0.049,0.951
0.882,0.118
0.933,0.067
0.782,0.218
0.885,0.115
0.884,0.116
0.868,0.132
0.921,0.079
0.827,0.173
0.811,0.189
0.824,0.176
0.894,0.106
0.893,0.107
0.853,0.147
0.817,0.183
0.907,0.093
0.828,0.172
0.845,0.155
0.827,0.173
0.878,0.122
0.75,0.25
0.824,0.176
0.848,0.152
0.878,0.122
0.792,0.208
0.903,0.097
0.831,0.169
0.943,0.057
0.841,0.159
0.844,0.156
0.903,0.097
0.829,0.171
0.864,0.136
0.891,0.109
0.835,0.165
0.856,0.144
0.844,0.156
0.747,0.253
0.86,0.14
0.848,0.152
0.855,0.145
0.836,0.164
0.786,0.214
0.801,0.199
0.788,0.212
0.931,0.069
0.813,0.187
0.856,0.144
0.895,0.105
0.778,0.222
0.808,0.192
0.796,0.204
0.863,0.137
0.867,0.133
0.905,0.095
0.887,0.113
0.922,0.078
0.837,0.163
0.884,0.116
0.728,0.272
0.866,0.134
0.768,0.232
0.739,0.261
0.852,0.148
0.835,0.165
0.926,0.074
0.816,0.184
0.847,0.153
0.808,0.192
0.784,0.216
0.794,0.206
0.826,0.174
0.906,0.094
0.769,0.231
0.753,0.247
0.797,0.203
0.798,0.202
0.843,0.157
0.798,0.202
0.817,0.183
0.732,0.268
0.771,0.229
0.955,0.045
0.828,0.172
0.856,0.144
0.946,0.054
0.781,0.219
0.94,0.06
0.855,0.145
0.857,0.143
0.835,0.165
0.947,0.053
0.776,0.224
0.845,0.155
0.848,0.152
0.779,0.221
0.792,0.208
0.859,0.141
0.903,0.097
0.892,0.108
0.886,0.114
0.755,0.245
0.945,0.055
0.848,0.152
0.808,0.192
0.887,0.113
0.791,0.209
0.864,0.136
0.856,0.144
0.817,0.183
0.869,0.131
0.924,0.076
0.828,0.172
0.861,0.139
0.905,0.095
0.837,0.163
0.802,0.198
0.885,0.115
0.879,0.121
0.821,0.179
0.898,0.102
0.916,0.084
0.92,0.08
0.912,0.088
0.852,0.148
0.79,0.21
0.882,0.118
0.787,0.213
0.894,0.106
0.85,0.15
0.793,0.207
0.789,0.211
0.946,0.054
0.787,0.213
0.932,0.068
0.822,0.178
0.913,0.087
0.802,0.198
0.754,0.246
0.822,0.178
0.846,0.154
0.925,0.075
0.925,0.075
0.883,0.117
0.892,0.108
0.839,0.161
0.804,0.196
0.908,0.092
0.914,0.086
0.876,0.124
0.811,0.189
0.796,0.204
0.873,0.127
0.912,0.088
0.852,0.148
0.873,0.127
0.827,0.173
0.892,0.108
0.88,0.12
0.814,0.186
0.766,0.234
0.844,0.156
0.866,0.134
0.885,0.115
0.802,0.198
0.824,0.176
0.909,0.091
0.88,0.12
0.913,0.087
0.899,0.101
0.834,0.166
0.871,0.129
0.901,0.099
0.881,0.119
0.711,0.289
0.909,0.091
0.808,0.192
0.839,0.161
0.852,0.148
0.848,0.152
0.793,0.207
0.776,0.224
0.831,0.169
0.951,0.049
0.845,0.155
0.877,0.123
0.869,0.131
0.868,0.132
0.778,0.222
0.822,0.178
0.801,0.199
0.785,0.215
0.835,0.165
0.896,0.104
0.876,0.124
0.781,0.219
0.842,0.158
0.835,0.165
0.869,0.131
0.867,0.133
0.891,0.109
0.826,0.174
0.686,0.314
0.795,0.205
0.826,0.174
0.839,0.161
0.815,0.185
0.81,0.19
0.914,0.086
0.866,0.134
0.879,0.121
0.769,0.231
0.845,0.155
0.921,0.079
0.86,0.14
0.885,0.115
0.875,0.125
0.901,0.099
0.879,0.121
0.885,0.115
0.885,0.115
0.762,0.238
0.902,0.098
0.833,0.167
0.794,0.206
0.844,0.156
0.852,0.148
0.86,0.14
0.866,0.134
0.865,0.135
0.829,0.171
0.938,0.062
0.822,0.178
0.908,0.092
0.783,0.217
0.915,0.085
0.776,0.224
0.837,0.163
0.778,0.222
0.905,0.095
0.848,0.152
0.857,0.143
0.883,0.117
0.826,0.174
0.821,0.179
0.835,0.165
0.866,0.134
0.78,0.22
0.827,0.173
0.78,0.22
0.847,0.153
0.906,0.094
0.885,0.115
0.783,0.217
0.828,0.172
0.886,0.114
0.87,0.13
0.821,0.179
0.784,0.216
0.759,0.241
0.826,0.174
0.901,0.099
0.856,0.144
0.876,0.124
0.842,0.158
0.799,0.201
0.88,0.12
0.907,0.093
0.933,0.067
0.827,0.173
0.897,0.103
0.955,0.045
0.893,0.107
0.781,0.219
0.896,0.104
0.761,0.239
0.855,0.145
0.851,0.149
0.8,0.2
0.917,0.083
0.904,0.096
0.835,0.165
0.827,0.173
0.869,0.131
0.959,0.041
0.821,0.179
0.83,0.17
0.898,0.102
0.862,0.138
0.826,0.174
0.824,0.176
0.856,0.144
0.834,0.166
0.859,0.141
0.853,0.147
0.909,0.091
0.868,0.132
0.958,0.042
0.72,0.28
0.787,0.213
0.814,0.186
0.857,0.143
0.911,0.089
0.924,0.076
0.763,0.237
0.862,0.138
0.898,0.102
0.749,0.251
0.957,0.043
0.88,0.12
0.867,0.133
0.856,0.144
0.792,0.208
0.816,0.184
0.811,0.189
0.904,0.096
0.801,0.199
0.841,0.159
0.813,0.187
0.802,0.198
0.85,0.15
0.896,0.104
0.895,0.105
0.852,0.148
0.837,0.163
0.816,0.184
0.854,0.146
0.835,0.165
0.838,0.162
0.912,0.088
0.878,0.122
0.87,0.13
0.933,0.067
0.818,0.182
0.881,0.119
0.765,0.235
0.871,0.129
0.892,0.108
0.821,0.179
0.817,0.183
0.822,0.178
0.842,0.158
0.873,0.127
0.867,0.133
0.816,0.184
0.915,0.085
0.77,0.23
0.86,0.14
0.817,0.183
0.895,0.105
0.841,0.159
0.865,0.135
0.773,0.227
0.817,0.183
0.854,0.146
0.733,0.267
0.775,0.225
0.874,0.126
0.858,0.142
0.891,0.109
0.871,0.129
0.822,0.178
0.794,0.206
0.817,0.183
0.865,0.135
0.842,0.158
0.817,0.183
0.773,0.227
0.961,0.039
0.81,0.19
0.821,0.179
0.898,0.102
0.943,0.057
0.915,0.085
0.891,0.109
0.907,0.093
0.895,0.105
0.825,0.175
0.911,0.089
0.854,0.146
0.86,0.14
0.85,0.15
0.892,0.108
0.865,0.135
0.898,0.102
0.804,0.196
0.832,0.168
0.816,0.184
0.849,0.151
0.797,0.203
0.882,0.118
0.748,0.252
0.925,0.075
0.839,0.161
0.842,0.158
0.833,0.167
0.755,0.245
0.811,0.189
0.804,0.196
0.883,0.117
0.817,0.183
0.874,0.126
0.886,0.114
0.797,0.203
0.766,0.234
0.882,0.118
0.861,0.139
0.828,0.172
0.943,0.057
0.798,0.202
0.886,0.114
0.891,0.109
0.758,0.242
0.808,0.192
0.76,0.24
0.792,0.208
0.816,0.184
0.876,0.124
0.828,0.172
0.914,0.086
0.904,0.096
0.896,0.104
0.762,0.238
0.823,0.177
0.823,0.177
0.885,0.115
0.921,0.079
0.769,0.231
0.782,0.218
0.801,0.199
0.925,0.075
0.775,0.225
0.806,0.194
0.839,0.161
0.93,0.07
0.932,0.068
0.869,0.131
0.837,0.163
0.856,0.144
0.845,0.155
0.868,0.132
0.78,0.22
0.824,0.176
0.765,0.235
0.815,0.185
0.901,0.099
0.866,0.134
0.815,0.185
0.92,0.08
0.785,0.215
0.83,0.17
0.865,0.135
0.851,0.149
0.903,0.097
0.96,0.04
0.845,0.155
0.753,0.247
0.811,0.189
0.838,0.162
0.816,0.184
0.789,0.211
0.854,0.146
0.832,0.168
0.858,0.142
0.78,0.22
0.937,0.063
0.794,0.206
0.884,0.116
0.88,0.12
0.857,0.143
0.849,0.151
0.864,0.136
0.822,0.178
0.785,0.215
0.872,0.128
0.831,0.169
0.808,0.192
0.887,0.113
0.913,0.087
0.823,0.177
0.836,0.164
0.915,0.085
0.833,0.167
0.865,0.135
0.793,0.207
0.865,0.135
0.849,0.151
0.872,0.128
0.886,0.114
0.884,0.116
0.795,0.205
0.838,0.162
0.803,0.197
0.881,0.119
0.766,0.234
0.873,0.127
0.872,0.128
0.807,0.193
0.773,0.227
0.858,0.142
0.908,0.092
0.873,0.127
0.924,0.076
0.815,0.185
0.876,0.124
0.753,0.247
0.904,0.096
0.846,0.154
0.933,0.067
0.934,0.066
0.89,0.11
0.871,0.129
0.844,0.156
0.779,0.221
0.88,0.12
0.869,0.131
0.865,0.135
0.889,0.111
0.818,0.182
0.874,0.126
0.91,0.09
0.866,0.134
0.87,0.13
0.883,0.117
0.914,0.086
0.783,0.217
0.766,0.234
0.779,0.221
0.889,0.111
0.861,0.139
0.917,0.083
0.853,0.147
0.875,0.125
0.802,0.198
0.78,0.22
0.843,0.157
0.829,0.171
0.861,0.139
0.741,0.259
0.929,0.071
0.864,0.136
0.86,0.14
0.923,0.077
0.789,0.211
0.938,0.062
0.88,0.12
0.859,0.141
0.899,0.101
0.9,0.1
0.834,0.166
0.901,0.099
0.846,0.154
0.842,0.158
0.854,0.146
0.841,0.159
0.82,0.18
0.848,0.152
0.928,0.072
0.866,0.134
0.83,0.17
0.882,0.118
0.842,0.158
0.904,0.096
0.848,0.152
0.943,0.057
0.841,0.159
0.934,0.066
0.915,0.085
0.88,0.12
0.751,0.249
0.799,0.201
0.901,0.099
0.814,0.186
0.821,0.179
0.873,0.127
0.846,0.154
0.799,0.201
0.935,0.065
0.838,0.162
0.773,0.227
0.872,0.128
0.905,0.095
0.79,0.21
0.756,0.244
0.936,0.064
0.792,0.208
0.844,0.156
0.883,0.117
0.865,0.135
0.811,0.189
0.889,0.111
0.88,0.12
0.789,0.211
0.864,0.136
0.791,0.209
0.828,0.172
0.886,0.114
0.765,0.235
0.838,0.162
0.856,0.144
0.804,0.196
0.797,0.203
0.882,0.118
0.823,0.177
0.911,0.089
0.803,0.197
0.927,0.073
0.888,0.112
0.812,0.188
0.861,0.139
0.828,0.172
0.85,0.15
0.869,0.131
0.84,0.16
0.822,0.178
0.886,0.114
0.793,0.207
0.804,0.196
0.73,0.27
0.776,0.224
0.774,0.226
0.868,0.132
0.904,0.096
0.896,0.104
0.91,0.09
0.808,0.192
0.731,0.269
0.905,0.095
0.779,0.221
0.838,0.162
0.912,0.088
0.906,0.094
0.835,0.165
0.873,0.127
0.966,0.034
0.826,0.174
0.845,0.155
0.805,0.195
0.863,0.137
0.952,0.048
0.89,0.11
0.92,0.08
0.857,0.143
0.795,0.205
0.781,0.219
0.764,0.236
0.867,0.133
0.912,0.088
0.853,0.147
0.736,0.264
0.829,0.171
0.853,0.147
0.935,0.065
0.887,0.113
0.778,0.222
0.786,0.214
0.819,0.181
0.89,0.11
0.959,0.041
0.877,0.123
0.862,0.138
0.817,0.183
0.821,0.179
0.862,0.138
0.801,0.199
0.821,0.179
0.913,0.087
0.839,0.161
0.833,0.167
0.827,0.173
0.868,0.132
0.923,0.077
0.845,0.155
0.827,0.173
0.834,0.166
0.845,0.155
0.867,0.133
0.894,0.106
0.881,0.119
0.81,0.19
0.876,0.124
0.89,0.11
0.874,0.126
0.791,0.209
0.788,0.212
0.84,0.16
0.851,0.149
0.808,0.192
0.904,0.096
0.897,0.103
0.867,0.133
0.831,0.169
0.879,0.121
0.805,0.195
0.837,0.163
0.864,0.136
0.812,0.188
0.927,0.073
0.912,0.088
0.911,0.089
0.868,0.132
0.81,0.19
0.769,0.231
0.772,0.228
0.914,0.086
0.913,0.087
0.778,0.222
0.832,0.168
0.899,0.101
0.862,0.138
0.883,0.117
0.848,0.152
0.794,0.206
0.793,0.207
0.821,0.179
0.946,0.054
0.852,0.148
0.933,0.067
0.805,0.195
0.898,0.102
0.86,0.14
0.887,0.113
0.796,0.204
0.853,0.147
0.809,0.191
0.92,0.08
0.837,0.163
0.885,0.115
0.915,0.085
0.933,0.067
0.866,0.134
0.905,0.095
0.936,0.064
0.868,0.132
0.9,0.1
0.887,0.113
0.821,0.179
0.818,0.182
0.893,0.107
0.891,0.109
0.798,0.202
0.894,0.106
0.886,0.114
0.86,0.14
0.87,0.13
0.783,0.217
0.915,0.085
0.878,0.122
0.849,0.151
0.83,0.17
0.94,0.06
0.888,0.112
0.847,0.153
0.836,0.164
0.768,0.232
0.867,0.133
0.917,0.083
0.867,0.133
0.912,0.088
0.812,0.188
0.829,0.171
0.897,0.103
0.83,0.17
0.95,0.05
0.774,0.226
0.929,0.071
0.85,0.15
0.752,0.248
0.774,0.226
0.831,0.169
0.843,0.157
0.868,0.132
0.794,0.206
0.857,0.143
0.876,0.124
0.862,0.138
0.892,0.108
0.889,0.111
0.903,0.097
0.889,0.111
0.854,0.146
0.924,0.076
0.898,0.102
0.696,0.304
0.872,0.128
0.86,0.14
0.903,0.097
0.889,0.111
0.937,0.063
0.822,0.178
0.775,0.225
0.809,0.191
0.761,0.239
0.888,0.112
0.889,0.111
0.83,0.17
0.818,0.182
0.821,0.179
0.685,0.315
0.757,0.243
0.931,0.069
0.761,0.239
0.832,0.168
0.791,0.209
0.914,0.086
0.922,0.078
0.833,0.167
0.971,0.029
0.889,0.111
0.831,0.169
0.825,0.175
0.83,0.17
0.787,0.213
0.853,0.147
0.847,0.153
0.827,0.173
0.812,0.188
0.871,0.129
0.903,0.097
0.89,0.11
0.847,0.153
0.814,0.186
0.835,0.165
0.849,0.151
0.91,0.09
0.879,0.121
0.873,0.127
0.899,0.101
0.85,0.15
0.861,0.139
0.807,0.193
0.799,0.201
0.826,0.174
0.855,0.145
0.908,0.092
0.84,0.16
0.813,0.187
0.819,0.181
0.86,0.14
0.922,0.078
0.834,0.166
0.899,0.101
0.906,0.094
0.828,0.172
0.839,0.161
0.827,0.173
0.811,0.189
0.9,0.1
0.861,0.139
0.95,0.05
0.87,0.13
0.866,0.134
0.872,0.128
0.733,0.267
0.819,0.181
0.894,0.106
0.929,0.071
0.811,0.189
0.963,0.037
0.73,0.27
0.717,0.283
0.873,0.127
0.904,0.096
0.819,0.181
0.841,0.159
0.766,0.234
0.796,0.204
0.873,0.127
0.848,0.152
0.867,0.133
0.937,0.063
0.766,0.234
0.901,0.099
0.86,0.14
0.829,0.171
0.908,0.092
0.935,0.065
0.85,0.15
0.91,0.09
0.789,0.211
0.825,0.175
0.731,0.269
0.904,0.096
0.866,0.134
0.908,0.092
0.888,0.112
0.941,0.059
0.843,0.157
0.72,0.28
0.761,0.239
0.813,0.187
0.874,0.126
0.849,0.151
0.915,0.085
0.935,0.065
0.759,0.241
0.76,0.24
0.781,0.219
0.803,0.197
0.815,0.185
0.832,0.168
0.859,0.141
0.832,0.168
0.884,0.116
0.865,0.135
0.909,0.091
0.819,0.181
0.878,0.122
0.846,0.154
0.825,0.175
0.825,0.175
0.795,0.205
0.878,0.122
0.929,0.071
0.871,0.129
0.835,0.165
0.865,0.135
0.783,0.217
0.798,0.202
0.909,0.091
0.792,0.208
0.789,0.211
0.774,0.226
0.878,0.122
0.825,0.175
0.852,0.148
0.866,0.134
0.774,0.226
0.801,0.199
0.951,0.049
0.78,0.22
0.898,0.102
0.831,0.169
0.859,0.141
0.9,0.1
0.829,0.171
0.889,0.111
0.85,0.15
0.848,0.152
0.833,0.167
0.888,0.112
0.717,0.283
0.889,0.111
0.857,0.143
0.872,0.128
0.856,0.144
0.859,0.141
0.915,0.085
0.821,0.179
0.865,0.135
0.86,0.14
0.797,0.203
0.807,0.193
0.803,0.197
0.936,0.064
0.873,0.127
0.92,0.08
0.804,0.196
0.869,0.131
0.822,0.178
0.822,0.178
0.811,0.189
0.786,0.214
0.88,0.12
0.884,0.116
0.885,0.115
0.934,0.066
0.8,0.2
0.869,0.131
0.782,0.218
0.831,0.169
0.903,0.097
0.875,0.125
0.955,0.045
0.754,0.246
0.862,0.138
0.941,0.059
0.808,0.192
0.906,0.094
0.816,0.184
0.902,0.098
0.772,0.228
0.908,0.092
0.9,0.1
0.859,0.141
0.873,0.127
0.843,0.157
0.878,0.122
0.899,0.101
0.778,0.222
0.874,0.126
0.861,0.139
0.747,0.253
0.821,0.179
0.92,0.08
0.84,0.16
0.929,0.071
0.91,0.09
0.928,0.072
0.794,0.206
0.811,0.189
0.853,0.147
0.764,0.236
0.905,0.095
0.887,0.113
0.885,0.115
0.813,0.187
0.856,0.144
0.812,0.188
0.849,0.151
0.831,0.169
0.836,0.164
0.73,0.27
0.913,0.087
0.793,0.207
0.915,0.085
0.861,0.139
0.75,0.25
0.904,0.096
0.735,0.265
0.763,0.237
0.924,0.076
0.833,0.167
0.785,0.215
0.819,0.181
0.891,0.109
0.83,0.17
0.793,0.207
0.934,0.066
