0.24506104,0.75493896
0.12810851,0.87189149
0.18098245,0.81901755
0.14001035,0.85998965
0.28551119,0.71448881
0.12197653,0.87802347
0.26313384,0.73686616
0.13996006,0.86003994
0.18495986,0.81504014
0.13988435,0.86011565
0.17197039,0.82802961
0.16521299,0.83478701
0.30323748,0.69676252
0.59724059,0.40275941
0.40303604,0.59696396
0.44829458,0.55170542
0.38704889,0.61295111
0.19438251,0.80561749
0.59197716,0.40802284
0.13998292,0.86001708
0.14920785,0.85079215
0.11432844,0.88567156
0.08142899,0.91857101
0.15236388,0.84763612
0.12444772,0.87555228
0.13996286,0.86003714
0.13993394,0.86006606
0.14004909,0.85995091
0.45323052,0.54676948
0.56111611,0.43888389
0.16232191,0.83767809
0.13999335,0.86000665
0.0911231,0.9088769
0.14003287,0.85996713
0.04800029,0.95199971
0.43466906,0.56533094
0.54047932,0.45952068
0.2136243,0.7863757
0.13621445,0.86378555
0.09015236,0.90984764
0.14000303,0.85999697
0.13995282,0.86004718
0.13989124,0.86010876
0.19026092,0.80973908
0.42936156,0.57063844
0.13988958,0.86011042
0.13987487,0.86012513
0.08506295,0.91493705
0.06928733,0.93071267
0.13023198,0.86976802
0.13986072,0.86013928
0.13995187,0.86004813
0.14608022,0.85391978
0.13993142,0.86006858
0.78344394,0.21655606
0.13987969,0.86012031
0.13995561,0.86004439
0.14003068,0.85996932
0.08498912,0.91501088
0.07894208,0.92105792
0.42576898,0.57423102
0.13987559,0.86012441
0.27384281,0.72615719
0.14050456,0.85949544
0.10975576,0.89024424
0.20424945,0.79575055
0.37089471,0.62910529
0.1399989,0.8600011
0.14996716,0.85003284
0.11349922,0.88650078
0.1114597,0.8885403
0.10936162,0.89063838
0.68513094,0.31486906
0.13992562,0.86007438
0.13996072,0.86003928
0.64086397,0.35913603
0.10612341,0.89387659
0.1152587,0.8847413
0.51699718,0.48300282
0.40531188,0.59468812
0.44105484,0.55894516
0.12226458,0.87773542
0.2071229,0.7928771
0.13994168,0.86005832
0.09371306,0.90628694
0.52132877,0.47867123
0.6776117,0.3223883
0.13993188,0.86006812
0.31540721,0.68459279
0.13993313,0.86006687
0.13993914,0.86006086
0.20309924,0.79690076
0.14000002,0.85999998
0.76928483,0.23071517
0.13988619,0.86011381
0.21158559,0.78841441
0.13990533,0.86009467
0.13992464,0.86007536
0.14328162,0.85671838
0.47135446,0.52864554
0.17393159,0.82606841
0.12427888,0.87572112
0.13997941,0.86002059
0.13998341,0.86001659
0.68776758,0.31223242
0.32187015,0.67812985
0.31655717,0.68344283
0.5941341,0.4058659
0.1398688,0.8601312
0.30755016,0.69244984
0.09382636,0.90617364
0.1425851,0.8574149
0.16727698,0.83272302
0.33326864,0.66673136
0.43151163,0.56848837
0.44549987,0.55450013
0.54978935,0.45021065
0.10731348,0.89268652
0.81051169,0.18948831
0.13991945,0.86008055
0.81599348,0.18400652
0.16956409,0.83043591
0.27470885,0.72529115
0.20780919,0.79219081
0.13995765,0.86004235
0.07841519,0.92158481
0.10624283,0.89375717
0.13999407,0.86000593
0.17169784,0.82830216
0.13998174,0.86001826
0.77837746,0.22162254
0.07853023,0.92146977
0.13997239,0.86002761
0.13997415,0.86002585
0.10912649,0.89087351
0.83854548,0.16145452
0.1399864,0.8600136
0.17471788,0.82528212
0.47821471,0.52178529
0.10336304,0.89663696
0.05769368,0.94230632
0.14001758,0.85998242
0.13996473,0.86003527
0.13991801,0.86008199
0.44959895,0.55040105
0.13287663,0.86712337
0.20008432,0.79991568
0.10253143,0.89746857
0.17085399,0.82914601
0.13998498,0.86001502
0.56425147,0.43574853
0.30059097,0.69940903
0.13996043,0.86003957
0.13991342,0.86008658
0.38259399,0.61740601
0.13996791,0.86003209
0.3665702,0.6334298
0.13995887,0.86004113
0.13991811,0.86008189
0.29016118,0.70983882
0.13996527,0.86003473
0.6003585,0.3996415
0.13997572,0.86002428
0.13815186,0.86184814
0.16314389,0.83685611
0.27441536,0.72558464
0.09551824,0.90448176
0.13991331,0.86008669
0.14003916,0.85996084
0.07296928,0.92703072
0.13991573,0.86008427
0.22671853,0.77328147
0.52229301,0.47770699
0.57439716,0.42560284
0.1400039,0.8599961
0.82137404,0.17862596
0.24111506,0.75888494
0.57091302,0.42908698
0.18096978,0.81903022
0.30492238,0.69507762
0.13997772,0.86002228
0.16831346,0.83168654
0.38155135,0.61844865
0.12383848,0.87616152
0.11228876,0.88771124
0.65984825,0.34015175
0.38077456,0.61922544
0.08876081,0.91123919
0.14001166,0.85998834
0.20260982,0.79739018
0.13991458,0.86008542
0.14001077,0.85998923
0.20480589,0.79519411
0.13995815,0.86004185
0.14004866,0.85995134
0.53235513,0.46764487
0.1400008,0.8599992
0.06079482,0.93920518
0.22401605,0.77598395
0.14004507,0.85995493
0.13990689,0.86009311
0.15547817,0.84452183
0.29503567,0.70496433
0.69961991,0.30038009
0.21937817,0.78062183
0.07120721,0.92879279
0.11575026,0.88424974
0.10469673,0.89530327
0.65178813,0.34821187
0.13997993,0.86002007
0.28911299,0.71088701
0.3597554,0.6402446
0.14000367,0.85999633
0.13993714,0.86006286
0.05295817,0.94704183
0.43818323,0.56181677
0.14001069,0.85998931
0.26874567,0.73125433
0.36945881,0.63054119
0.13998379,0.86001621
0.13995989,0.86004011
0.13996798,0.86003202
0.10043319,0.89956681
0.11217989,0.88782011
0.29093633,0.70906367
0.13996529,0.86003471
0.12187148,0.87812852
0.10462605,0.89537395
0.13991894,0.86008106
0.13286388,0.86713612
0.7736631,0.2263369
0.14004306,0.85995694
0.28540515,0.71459485
0.13988864,0.86011136
0.79575231,0.20424769
0.13998031,0.86001969
0.1398971,0.8601029
0.66867299,0.33132701
0.6681194,0.3318806
0.34754191,0.65245809
0.19695925,0.80304075
0.15583989,0.84416011
0.13994401,0.86005599
0.13993817,0.86006183
0.13409598,0.86590402
0.14000903,0.85999097
0.11879684,0.88120316
0.08886313,0.91113687
0.25675222,0.74324778
0.36501107,0.63498893
0.39972642,0.60027358
0.13990576,0.86009424
0.64320005,0.35679995
0.13358454,0.86641546
0.10644039,0.89355961
0.13976701,0.86023299
0.13994365,0.86005635
0.14003299,0.85996701
0.13998399,0.86001601
0.09510406,0.90489594
0.65657104,0.34342896
0.16968526,0.83031474
0.36326557,0.63673443
0.14526806,0.85473194
0.18932789,0.81067211
0.16682318,0.83317682
0.14003479,0.85996521
0.10767564,0.89232436
0.08895142,0.91104858
0.12451411,0.87548589
0.13994901,0.86005099
0.38303937,0.61696063
0.05254596,0.94745404
0.24879149,0.75120851
0.08780111,0.91219889
0.18075561,0.81924439
0.92498586,0.07501414
0.32708136,0.67291864
0.13993989,0.86006011
0.14004863,0.85995137
0.13986801,0.86013199
0.40058208,0.59941792
0.61898984,0.38101016
0.46228641,0.53771359
0.20141216,0.79858784
0.13993993,0.86006007
0.13999804,0.86000196
0.13991922,0.86008078
0.04433111,0.95566889
0.13998791,0.86001209
0.57671195,0.42328805
0.17836842,0.82163158
0.35314696,0.64685304
0.28699314,0.71300686
0.08598937,0.91401063
0.11250527,0.88749473
0.30807057,0.69192943
0.0776619,0.9223381
0.13998726,0.86001274
0.13990272,0.86009728
0.13995661,0.86004339
0.13474968,0.86525032
0.13998803,0.86001197
0.37166189,0.62833811
0.13988292,0.86011708
0.2556663,0.7443337
0.1399815,0.8600185
0.18502256,0.81497744
0.08486697,0.91513303
0.14031264,0.85968736
0.0308731,0.9691269
0.14005025,0.85994975
0.08605701,0.91394299
0.1399684,0.8600316
0.10900507,0.89099493
0.10559796,0.89440204
0.47502061,0.52497939
0.13985826,0.86014174
0.13995274,0.86004726
0.13482609,0.86517391
0.49112617,0.50887383
0.17362337,0.82637663
0.58781016,0.41218984
0.13994332,0.86005668
0.139993,0.860007
0.13995998,0.86004002
0.23918133,0.76081867
0.2394747,0.7605253
0.13995724,0.86004276
0.40398814,0.59601186
0.14000012,0.85999988
0.27973567,0.72026433
0.61481476,0.38518524
0.54919987,0.45080013
0.13990391,0.86009609
0.13995481,0.86004519
0.31563051,0.68436949
0.3129262,0.6870738
0.14006053,0.85993947
0.13996715,0.86003285
0.13986564,0.86013436
0.13992169,0.86007831
0.19981004,0.80018996
0.11828846,0.88171154
0.36874989,0.63125011
0.13997249,0.86002751
0.16394973,0.83605027
0.14632934,0.85367066
0.13991434,0.86008566
0.22177183,0.77822817
0.14002284,0.85997716
0.14000547,0.85999453
0.25198186,0.74801814
0.13986344,0.86013656
0.14000935,0.85999065
0.11662674,0.88337326
0.14691331,0.85308669
0.18770997,0.81229003
0.31262183,0.68737817
0.1399215,0.8600785
0.06428807,0.93571193
0.12712184,0.87287816
0.0831805,0.9168195
0.29125833,0.70874167
0.14001208,0.85998792
0.09008528,0.90991472
0.13992115,0.86007885
0.13987035,0.86012965
0.39927693,0.60072307
0.20897749,0.79102251
0.82140035,0.17859965
0.20650574,0.79349426
0.28525458,0.71474542
0.20859579,0.79140421
0.11398663,0.88601337
0.11908491,0.88091509
0.6980848,0.3019152
0.13988013,0.86011987
0.0921726,0.9078274
0.13994365,0.86005635
0.18019276,0.81980724
0.52865286,0.47134714
0.38137789,0.61862211
0.1399918,0.8600082
0.16320708,0.83679292
0.14001241,0.85998759
0.13992896,0.86007104
0.13997183,0.86002817
0.17917884,0.82082116
0.1399301,0.8600699
0.38693335,0.61306665
0.1451326,0.8548674
0.08367965,0.91632035
0.35161876,0.64838124
0.5507503,0.4492497
0.4287071,0.5712929
0.74607294,0.25392706
0.27877512,0.72122488
0.14001293,0.85998707
0.13996398,0.86003602
0.14003757,0.85996243
0.08891921,0.91108079
0.13987933,0.86012067
0.260685,0.739315
0.27506831,0.72493169
0.31739192,0.68260808
0.15455926,0.84544074
0.7220396,0.2779604
0.13995849,0.86004151
0.1399561,0.8600439
0.13991958,0.86008042
0.25605174,0.74394826
0.1304607,0.8695393
0.09321133,0.90678867
0.13999205,0.86000795
0.36851236,0.63148764
0.52404613,0.47595387
0.28874841,0.71125159
0.27602288,0.72397712
0.13999078,0.86000922
0.46990577,0.53009423
0.06167096,0.93832904
0.59164697,0.40835303
0.13996877,0.86003123
0.62511,0.37489
0.14001419,0.85998581
0.1399171,0.8600829
0.1398798,0.8601202
0.60090947,0.39909053
0.12472084,0.87527916
0.27468809,0.72531191
0.14002996,0.85997004
0.14001112,0.85998888
0.15890428,0.84109572
0.14002406,0.85997594
0.1146211,0.8853789
0.13987525,0.86012475
0.13993262,0.86006738
0.1400424,0.8599576
0.13987633,0.86012367
0.14005242,0.85994758
0.13990293,0.86009707
0.3648914,0.6351086
0.13996173,0.86003827
0.13990024,0.86009976
0.13998823,0.86001177
0.1399689,0.8600311
0.13988514,0.86011486
0.22077116,0.77922884
0.46611281,0.53388719
0.13988939,0.86011061
0.15863252,0.84136748
0.18352276,0.81647724
0.48344503,0.51655497
0.20641262,0.79358738
0.13994704,0.86005296
0.25993292,0.74006708
0.16148882,0.83851118
0.13925544,0.86074456
0.0845907,0.9154093
0.13994944,0.86005056
0.13996969,0.86003031
0.0446979,0.9553021
0.15722732,0.84277268
0.09347393,0.90652607
0.13993851,0.86006149
0.11084546,0.88915454
0.14000204,0.85999796
0.17745148,0.82254852
0.23871242,0.76128758
0.81971951,0.18028049
0.13091986,0.86908014
0.421394,0.578606
0.13990272,0.86009728
0.36821334,0.63178666
0.38419104,0.61580896
0.13993256,0.86006744
0.42668424,0.57331576
0.36609752,0.63390248
0.0660381,0.9339619
0.14003194,0.85996806
0.1400216,0.8599784
0.14793066,0.85206934
0.13990453,0.86009547
0.92647394,0.07352606
0.1399993,0.8600007
0.13994221,0.86005779
0.14006455,0.85993545
0.09924136,0.90075864
0.14227573,0.85772427
0.21233795,0.78766205
0.1190704,0.8809296
0.18030929,0.81969071
0.13990025,0.86009975
0.09708612,0.90291388
0.1848156,0.8151844
0.13992022,0.86007978
0.1717115,0.8282885
0.12035511,0.87964489
0.09686852,0.90313148
0.40668759,0.59331241
0.13924226,0.86075774
0.14725308,0.85274692
0.1031851,0.8968149
0.13389701,0.86610299
0.14006874,0.85993126
0.34278943,0.65721057
0.14001029,0.85998971
0.19462733,0.80537267
0.2416688,0.7583312
0.10084478,0.89915522
0.13995899,0.86004101
0.14021516,0.85978484
0.52319992,0.47680008
0.1400027,0.8599973
0.13992417,0.86007583
0.41122499,0.58877501
0.18189363,0.81810637
0.35210832,0.64789168
0.10955935,0.89044065
0.09372582,0.90627418
0.13998123,0.86001877
0.08626137,0.91373863
0.70381994,0.29618006
0.12670592,0.87329408
0.11846421,0.88153579
0.09454918,0.90545082
0.07034368,0.92965632
0.69119605,0.30880395
0.60159872,0.39840128
0.13999554,0.86000446
0.42727539,0.57272461
0.13988992,0.86011008
0.28445479,0.71554521
0.13992987,0.86007013
0.13987722,0.86012278
0.26641472,0.73358528
0.10832756,0.89167244
0.11868036,0.88131964
0.17410403,0.82589597
0.26921908,0.73078092
0.75912929,0.24087071
0.20774382,0.79225618
0.19674,0.80326
0.08141411,0.91858589
0.20468688,0.79531312
0.13997083,0.86002917
0.32193954,0.67806046
0.09089098,0.90910902
0.04563343,0.95436657
0.13997463,0.86002537
0.07891905,0.92108095
0.07005747,0.92994253
0.13997089,0.86002911
0.20977745,0.79022255
0.13993073,0.86006927
0.13995999,0.86004001
0.59038271,0.40961729
0.1932084,0.8067916
0.19758245,0.80241755
0.36041074,0.63958926
0.05589671,0.94410329
0.13995192,0.86004808
0.14001667,0.85998333
0.13996948,0.86003052
0.1645938,0.8354062
0.17180972,0.82819028
0.067269,0.932731
0.75659603,0.24340397
0.18944845,0.81055155
0.18220257,0.81779743
0.1398671,0.8601329
0.13996065,0.86003935
0.14001699,0.85998301
0.20537582,0.79462418
0.21339492,0.78660508
0.62736498,0.37263502
0.4809868,0.5190132
0.25851813,0.74148187
0.30097636,0.69902364
0.14005655,0.85994345
0.13993629,0.86006371
0.13997561,0.86002439
0.12813215,0.87186785
0.21741765,0.78258235
0.54050531,0.45949469
0.13996663,0.86003337
0.43760056,0.56239944
0.16851643,0.83148357
0.29624682,0.70375318
0.14001389,0.85998611
0.28771798,0.71228202
0.1399625,0.8600375
0.1472428,0.8527572
0.13992986,0.86007014
0.13135032,0.86864968
0.48477203,0.51522797
0.13994565,0.86005435
0.33909893,0.66090107
0.28492613,0.71507387
0.45144057,0.54855943
0.13034834,0.86965166
0.16457845,0.83542155
0.33665963,0.66334037
0.13385056,0.86614944
0.15532935,0.84467065
0.13996614,0.86003386
0.71191492,0.28808508
0.17810353,0.82189647
0.13991264,0.86008736
0.2069809,0.7930191
0.12519759,0.87480241
0.68844715,0.31155285
0.24520046,0.75479954
0.07284966,0.92715034
0.15993313,0.84006687
0.13998917,0.86001083
0.08981779,0.91018221
0.14000996,0.85999004
0.21695137,0.78304863
0.37428751,0.62571249
0.13997637,0.86002363
0.09112904,0.90887096
0.13987902,0.86012098
0.06321024,0.93678976
0.13993103,0.86006897
0.13993353,0.86006647
0.13992457,0.86007543
0.18279123,0.81720877
0.40855871,0.59144129
0.37413655,0.62586345
0.18757228,0.81242772
0.58778118,0.41221882
0.07450991,0.92549009
0.22898849,0.77101151
0.1399536,0.8600464
0.13996201,0.86003799
0.16635048,0.83364952
0.22838314,0.77161686
0.64846412,0.35153588
0.13988261,0.86011739
0.13994593,0.86005407
0.13993886,0.86006114
0.139958,0.860042
0.1635237,0.8364763
0.22961634,0.77038366
0.81498144,0.18501856
0.44180623,0.55819377
0.64908758,0.35091242
0.414966,0.585034
0.15809723,0.84190277
0.5,0.5
0.60055848,0.39944152
0.14003581,0.85996419
0.173664,0.826336
0.21827823,0.78172177
0.12271064,0.87728936
0.14939952,0.85060048
0.38177854,0.61822146
0.64566972,0.35433028
0.14002581,0.85997419
0.47223059,0.52776941
0.21244288,0.78755712
0.13731563,0.86268437
0.22998787,0.77001213
0.13997585,0.86002415
0.13469968,0.86530032
0.13997775,0.86002225
0.14005612,0.85994388
0.7154801,0.2845199
0.13992512,0.86007488
0.13988875,0.86011125
0.13993855,0.86006145
0.13994562,0.86005438
0.14001595,0.85998405
0.21381656,0.78618344
0.11784778,0.88215222
0.48165236,0.51834764
0.07407808,0.92592192
0.27013797,0.72986203
0.3606332,0.6393668
0.13998706,0.86001294
0.063023,0.936977
0.13997399,0.86002601
0.27611111,0.72388889
0.29086405,0.70913595
0.09383747,0.90616253
0.12806058,0.87193942
0.13995604,0.86004396
0.17590418,0.82409582
0.82085276,0.17914724
0.2492369,0.7507631
0.08987513,0.91012487
0.13998434,0.86001566
0.30264404,0.69735596
0.12717461,0.87282539
0.13992116,0.86007884
0.07455659,0.92544341
0.58685197,0.41314803
0.13923052,0.86076948
0.24030076,0.75969924
0.15908409,0.84091591
0.14492612,0.85507388
0.11193115,0.88806885
0.28460787,0.71539213
0.23755975,0.76244025
0.13995006,0.86004994
0.13986363,0.86013637
0.14003252,0.85996748
0.19909435,0.80090565
0.13996867,0.86003133
0.18713664,0.81286336
0.13990283,0.86009717
0.44256781,0.55743219
0.13992258,0.86007742
0.61699945,0.38300055
0.1399878,0.8600122
0.207101,0.792899
0.51660435,0.48339565
0.14001197,0.85998803
0.12225816,0.87774184
0.08958201,0.91041799
0.13991158,0.86008842
0.14003153,0.85996847
0.14000186,0.85999814
0.0607872,0.9392128
0.09826822,0.90173178
0.1709928,0.8290072
0.14002289,0.85997711
0.1357654,0.8642346
0.13997769,0.86002231
0.12838523,0.87161477
0.13480062,0.86519938
0.14001271,0.85998729
0.13998561,0.86001439
0.13738386,0.86261614
0.14000978,0.85999022
0.73992821,0.26007179
0.13803069,0.86196931
0.19424403,0.80575597
0.09086793,0.90913207
0.1569734,0.8430266
0.22533619,0.77466381
0.1091766,0.8908234
0.13996959,0.86003041
0.14005882,0.85994118
0.19265439,0.80734561
0.60289307,0.39710693
0.19790206,0.80209794
0.14005706,0.85994294
0.30631411,0.69368589
0.13990476,0.86009524
0.23452041,0.76547959
0.14003241,0.85996759
0.18290856,0.81709144
0.14658941,0.85341059
0.25322723,0.74677277
0.14003831,0.85996169
0.11489946,0.88510054
0.22641575,0.77358425
0.53448273,0.46551727
0.25791057,0.74208943
0.13993928,0.86006072
0.27741458,0.72258542
0.1399377,0.8600623
0.31214245,0.68785755
0.04058791,0.95941209
0.30649579,0.69350421
0.13999023,0.86000977
0.13992493,0.86007507
0.14000556,0.85999444
0.13995357,0.86004643
0.36805023,0.63194977
0.44393034,0.55606966
0.82553297,0.17446703
0.26344283,0.73655717
0.26260162,0.73739838
0.13990044,0.86009956
0.43472486,0.56527514
0.13992401,0.86007599
0.48502413,0.51497587
0.17453002,0.82546998
0.39197487,0.60802513
0.19164746,0.80835254
0.0523131,0.9476869
0.15520211,0.84479789
0.09236783,0.90763217
0.14003089,0.85996911
0.09176128,0.90823872
0.50629431,0.49370569
0.13990494,0.86009506
0.1399936,0.8600064
0.13990945,0.86009055
0.05188818,0.94811182
0.14002486,0.85997514
0.15758852,0.84241148
0.17786568,0.82213432
0.13997668,0.86002332
0.40994782,0.59005218
0.21071142,0.78928858
0.1765893,0.8234107
0.1399737,0.8600263
0.1399269,0.8600731
0.13998729,0.86001271
0.1399282,0.8600718
0.31013473,0.68986527
0.34922659,0.65077341
0.13990549,0.86009451
0.07383307,0.92616693
0.2397626,0.7602374
0.14004787,0.85995213
0.0479783,0.9520217
0.10612454,0.89387546
0.2560095,0.7439905
0.11489987,0.88510013
0.21475453,0.78524547
0.13999671,0.86000329
0.34120934,0.65879066
0.21912617,0.78087383
0.13992097,0.86007903
0.21171409,0.78828591
0.21574692,0.78425308
0.12773009,0.87226991
0.11057845,0.88942155
0.13999772,0.86000228
0.12065664,0.87934336
0.13991153,0.86008847
0.31861165,0.68138835
0.27191632,0.72808368
0.34966239,0.65033761
0.14003251,0.85996749
0.1405005,0.8594995
0.45103375,0.54896625
0.13992654,0.86007346
0.34450799,0.65549201
0.09434455,0.90565545
0.13992946,0.86007054
0.13996351,0.86003649
0.14000027,0.85999973
0.14002811,0.85997189
0.1741852,0.8258148
0.1398819,0.8601181
0.16324452,0.83675548
0.22633606,0.77366394
0.39143013,0.60856987
0.16427064,0.83572936
0.79320009,0.20679991
0.13149827,0.86850173
0.35483644,0.64516356
0.13998115,0.86001885
0.09496856,0.90503144
0.42644249,0.57355751
0.66884385,0.33115615
0.64285513,0.35714487
0.3753742,0.6246258
0.06015718,0.93984282
0.43000818,0.56999182
0.13160298,0.86839702
0.13998422,0.86001578
0.50812501,0.49187499
0.30697073,0.69302927
0.47168111,0.52831889
0.13994168,0.86005832
0.12672951,0.87327049
0.29737619,0.70262381
0.21584084,0.78415916
0.13989848,0.86010152
0.2681192,0.7318808
0.1484434,0.8515566
0.35757634,0.64242366
0.62494678,0.37505322
0.12800996,0.87199004
0.26887976,0.73112024
0.13990577,0.86009423
0.7004616,0.2995384
0.07186663,0.92813337
0.13994168,0.86005832
0.08311022,0.91688978
0.22573097,0.77426903
0.24637172,0.75362828
0.6017542,0.3982458
0.18948296,0.81051704
0.34966288,0.65033712
0.07793301,0.92206699
0.22257067,0.77742933
0.08016536,0.91983464
0.14006279,0.85993721
0.11928951,0.88071049
0.140037,0.859963
0.35364606,0.64635394
0.85498427,0.14501573
0.3358052,0.6641948
0.08112062,0.91887938
0.17721159,0.82278841
0.13998293,0.86001707
0.13999879,0.86000121
0.59083797,0.40916203
0.4177964,0.5822036
0.33497042,0.66502958
0.31995054,0.68004946
0.13989696,0.86010304
0.04412056,0.95587944
0.27001494,0.72998506
0.34335423,0.65664577
0.13999381,0.86000619
0.54370199,0.45629801
0.13989927,0.86010073
0.13991609,0.86008391
0.18742925,0.81257075
0.78768168,0.21231832
0.3614822,0.6385178
0.42771184,0.57228816
0.13998422,0.86001578
0.3426074,0.6573926
0.13992533,0.86007467
0.37767104,0.62232896
0.26456681,0.73543319
0.13990517,0.86009483
0.13999813,0.86000187
0.16211709,0.83788291
0.13547135,0.86452865
0.16345192,0.83654808
0.48260286,0.51739714
0.13990691,0.86009309
0.22508975,0.77491025
0.13998241,0.86001759
0.28161058,0.71838942
0.1400185,0.8599815
0.14001168,0.85998832
0.03804718,0.96195282
0.13996298,0.86003702
0.139914,0.860086
0.15961165,0.84038835
0.1399201,0.8600799
0.13996607,0.86003393
0.16034916,0.83965084
0.17499565,0.82500435
0.13992513,0.86007487
0.17753863,0.82246137
0.09240626,0.90759374
0.12445458,0.87554542
0.1101319,0.8898681
0.4669689,0.5330311
0.1819849,0.8180151
0.13987566,0.86012434
0.20273541,0.79726459
0.13419151,0.86580849
0.14001261,0.85998739
0.15938645,0.84061355
0.085933,0.914067
0.14004865,0.85995135
0.37532609,0.62467391
0.26882322,0.73117678
0.170568,0.829432
0.26422458,0.73577542
0.28500497,0.71499503
0.5,0.5
0.13994097,0.86005903
0.17918988,0.82081012
0.42313093,0.57686907
0.13992841,0.86007159
0.04632025,0.95367975
0.13998703,0.86001297
0.15869,0.84131
0.60317039,0.39682961
0.14884422,0.85115578
0.1351958,0.8648042
0.14000515,0.85999485
0.13996807,0.86003193
0.12763564,0.87236436
0.23597392,0.76402608
0.13987228,0.86012772
0.13994607,0.86005393
0.20595222,0.79404778
0.13990083,0.86009917
0.1398861,0.8601139
0.13997526,0.86002474
0.17105634,0.82894366
0.1399253,0.8600747
0.13993206,0.86006794
0.59193507,0.40806493
0.08698784,0.91301216
0.16349846,0.83650154
0.15729816,0.84270184
0.32319713,0.67680287
0.24419847,0.75580153
0.07585879,0.92414121
0.68922911,0.31077089
0.13221944,0.86778056
0.13993101,0.86006899
0.14002447,0.85997553
0.13998918,0.86001082
0.20042602,0.79957398
0.12506724,0.87493276
0.1398521,0.8601479
0.23420955,0.76579045
0.13990595,0.86009405
0.14004479,0.85995521
0.1399944,0.8600056
0.14002259,0.85997741
0.20362189,0.79637811
0.13994618,0.86005382
0.1278871,0.8721129
0.14000645,0.85999355
0.13994327,0.86005673
0.64359788,0.35640212
0.20301893,0.79698107
0.14002288,0.85997712
0.13997163,0.86002837
0.13996292,0.86003708
0.13993088,0.86006912
0.41485212,0.58514788
0.7824,0.2176
0.64101442,0.35898558
0.14000881,0.85999119
0.15499849,0.84500151
0.14001044,0.85998956
0.32749869,0.67250131
0.13993437,0.86006563
0.14005667,0.85994333
0.139946,0.860054
0.37264715,0.62735285
0.13990572,0.86009428
0.58429873,0.41570127
0.26944347,0.73055653
0.1398883,0.8601117
0.13996939,0.86003061
0.462396,0.537604
0.41129577,0.58870423
0.85855917,0.14144083
0.71722606,0.28277394
0.85857916,0.14142084
0.85860191,0.14139809
0.32529121,0.67470879
0.68718838,0.31281162
0.83898451,0.16101549
0.85853953,0.14146047
0.76628894,0.23371106
0.85856397,0.14143603
0.36550854,0.63449146
0.9038542,0.0961458
0.75992874,0.24007126
0.85324557,0.14675443
0.85858731,0.14141269
0.85855299,0.14144701
0.84077988,0.15922012
0.74916739,0.25083261
0.85852987,0.14147013
0.85864255,0.14135745
0.85864027,0.14135973
0.53075063,0.46924937
0.73047491,0.26952509
0.81272836,0.18727164
0.85858411,0.14141589
0.39465139,0.60534861
0.84427596,0.15572404
0.85849986,0.14150014
0.92871754,0.07128246
0.85850053,0.14149947
0.84171128,0.15828872
0.85854519,0.14145481
0.9118901,0.0881099
0.85858375,0.14141625
0.85865922,0.14134078
0.92597717,0.07402283
0.97443104,0.02556896
0.89322342,0.10677658
0.82975066,0.17024934
0.72412013,0.27587987
0.85846312,0.14153688
0.8323232,0.1676768
0.76356457,0.23643543
0.82573217,0.17426783
0.80254105,0.19745895
0.91515803,0.08484197
0.64235527,0.35764473
0.71330629,0.28669371
0.83547852,0.16452148
0.85858875,0.14141125
0.90533735,0.09466265
0.95310678,0.04689322
0.63827345,0.36172655
0.85853987,0.14146013
0.73935842,0.26064158
0.73502298,0.26497702
0.85860923,0.14139077
0.86810712,0.13189288
0.85857013,0.14142987
0.74449524,0.25550476
0.78067521,0.21932479
0.85857885,0.14142115
0.78435609,0.21564391
0.85860722,0.14139278
0.57295384,0.42704616
0.56896675,0.43103325
0.87804687,0.12195313
0.58878332,0.41121668
0.71028142,0.28971858
0.85860392,0.14139608
0.26616922,0.73383078
0.85859353,0.14140647
0.89965639,0.10034361
0.94796305,0.05203695
0.85848341,0.14151659
0.85851382,0.14148618
0.85847408,0.14152592
0.85853873,0.14146127
0.83262385,0.16737615
0.75450796,0.24549204
0.85852626,0.14147374
0.94945594,0.05054406
0.82145533,0.17854467
0.83264387,0.16735613
0.96941144,0.03058856
0.85859368,0.14140632
0.44911279,0.55088721
0.85851708,0.14148292
0.95064002,0.04935998
0.7498532,0.2501468
0.85854072,0.14145928
0.9393286,0.0606714
0.7491358,0.2508642
0.92369572,0.07630428
0.84828697,0.15171303
0.85852891,0.14147109
0.6884239,0.3115761
0.8585162,0.1414838
0.85847761,0.14152239
0.80215631,0.19784369
0.85857607,0.14142393
0.81296146,0.18703854
0.85858474,0.14141526
0.92551408,0.07448592
0.8111791,0.1888209
0.85855291,0.14144709
0.96215828,0.03784172
0.87877153,0.12122847
0.74772617,0.25227383
0.45779662,0.54220338
0.85856192,0.14143808
0.85850286,0.14149714
0.85850598,0.14149402
0.8586142,0.1413858
0.8391561,0.1608439
0.40413534,0.59586466
0.89116065,0.10883935
0.74321677,0.25678323
0.60780351,0.39219649
0.53417882,0.46582118
0.76408105,0.23591895
0.93753025,0.06246975
0.54290314,0.45709686
0.86868482,0.13131518
0.9450806,0.0549194
0.85850992,0.14149008
0.4678633,0.5321367
0.81729674,0.18270326
0.85859701,0.14140299
0.85852853,0.14147147
0.86343078,0.13656922
0.84870339,0.15129661
0.76008763,0.23991237
0.73484715,0.26515285
0.92678383,0.07321617
0.90848639,0.09151361
0.85847971,0.14152029
0.85852731,0.14147269
0.88832471,0.11167529
0.85852439,0.14147561
0.85851242,0.14148758
0.24419312,0.75580688
0.92094285,0.07905715
0.8585312,0.1414688
0.85856226,0.14143774
0.91239358,0.08760642
0.85851285,0.14148715
0.86569438,0.13430562
0.85855175,0.14144825
0.85850848,0.14149152
0.85855131,0.14144869
0.51231798,0.48768202
0.88111208,0.11888792
0.74093526,0.25906474
0.858595,0.141405
0.94970857,0.05029143
0.85846257,0.14153743
0.71469683,0.28530317
0.94016251,0.05983749
0.85859365,0.14140635
0.93237841,0.06762159
0.96449345,0.03550655
0.52282402,0.47717598
0.85854368,0.14145632
0.96747941,0.03252059
0.89181096,0.10818904
0.76532249,0.23467751
0.87932998,0.12067002
0.92786905,0.07213095
0.85850339,0.14149661
0.85859427,0.14140573
0.31736169,0.68263831
0.85734149,0.14265851
0.82921023,0.17078977
0.85866907,0.14133093
0.88553402,0.11446598
0.38967474,0.61032526
0.85861122,0.14138878
0.92941922,0.07058078
0.95809354,0.04190646
0.85855066,0.14144934
0.77705636,0.22294364
0.85857715,0.14142285
0.89430712,0.10569288
0.92743311,0.07256689
0.28383821,0.71616179
0.91844847,0.08155153
0.85863622,0.14136378
0.70277144,0.29722856
0.71629019,0.28370981
0.82984651,0.17015349
0.85859152,0.14140848
0.85846212,0.14153788
0.33858341,0.66141659
0.929098,0.070902
0.91524575,0.08475425
0.85852821,0.14147179
0.8031285,0.1968715
0.63567052,0.36432948
0.85865707,0.14134293
0.858591,0.141409
0.83901483,0.16098517
0.69737533,0.30262467
0.96359178,0.03640822
0.88848973,0.11151027
0.46800132,0.53199868
0.48447771,0.51552229
0.46324561,0.53675439
0.52233715,0.47766285
0.93787187,0.06212813
0.5225034,0.4774966
0.95859166,0.04140834
0.91209031,0.08790969
0.85859684,0.14140316
0.85864904,0.14135096
0.85856219,0.14143781
0.8585026,0.1414974
0.70969385,0.29030615
0.50805754,0.49194246
0.85847903,0.14152097
0.85853612,0.14146388
0.85855968,0.14144032
0.85862924,0.14137076
0.78318544,0.21681456
0.35258057,0.64741943
0.85858808,0.14141192
0.88195626,0.11804374
0.83593129,0.16406871
0.85847974,0.14152026
0.81080698,0.18919302
0.85857822,0.14142178
0.90775455,0.09224545
0.55002511,0.44997489
0.73078021,0.26921979
0.8586396,0.1413604
0.85853751,0.14146249
0.90383298,0.09616702
0.83883228,0.16116772
0.85855932,0.14144068
0.85857722,0.14142278
0.44512243,0.55487757
0.7971106,0.2028894
0.65399912,0.34600088
0.85847718,0.14152282
0.92422507,0.07577493
0.88418344,0.11581656
0.85858054,0.14141946
0.85847584,0.14152416
0.82551865,0.17448135
0.75844738,0.24155262
0.91929402,0.08070598
0.71254173,0.28745827
0.96057977,0.03942023
0.90894131,0.09105869
0.85854941,0.14145059
0.63367478,0.36632522
0.85851994,0.14148006
0.8574029,0.1425971
0.86347844,0.13652156
0.42325939,0.57674061
0.85849626,0.14150374
0.91275676,0.08724324
0.5,0.5
0.71737059,0.28262941
0.85853286,0.14146714
0.85857587,0.14142413
0.77633138,0.22366862
0.85860664,0.14139336
0.90147034,0.09852966
0.54103782,0.45896218
0.75209888,0.24790112
0.37983871,0.62016129
0.51648429,0.48351571
0.7871397,0.2128603
0.8637863,0.1362137
0.94394497,0.05605503
0.93419268,0.06580732
0.6286734,0.3713266
0.90672798,0.09327202
0.8585488,0.1414512
0.85854242,0.14145758
0.85859795,0.14140205
0.853373,0.146627
0.30494697,0.69505303
0.661281,0.338719
0.87290364,0.12709636
0.85864993,0.14135007
0.89995314,0.10004686
0.84175691,0.15824309
0.9552933,0.0447067
0.69366317,0.30633683
0.7402091,0.2597909
0.94535212,0.05464788
0.85851106,0.14148894
0.64830946,0.35169054
0.85858703,0.14141297
0.85848117,0.14151883
0.85858651,0.14141349
0.85862792,0.14137208
0.85859344,0.14140656
0.85858851,0.14141149
0.91001715,0.08998285
0.68684603,0.31315397
0.87097734,0.12902266
0.45279595,0.54720405
0.43095572,0.56904428
0.40468945,0.59531055
0.85860714,0.14139286
0.78761345,0.21238655
0.5,0.5
0.85862667,0.14137333
0.58151469,0.41848531
0.15403502,0.84596498
0.85846613,0.14153387
0.76087701,0.23912299
0.55631257,0.44368743
0.85854519,0.14145481
0.53699467,0.46300533
0.87566009,0.12433991
0.85853095,0.14146905
0.84142307,0.15857693
0.85858691,0.14141309
0.80327925,0.19672075
0.9497805,0.0502195
0.69198392,0.30801608
0.77803159,0.22196841
0.85858556,0.14141444
0.75257579,0.24742421
0.64652535,0.35347465
0.63257396,0.36742604
0.85852958,0.14147042
0.85847809,0.14152191
0.92100241,0.07899759
0.93914991,0.06085009
0.85857967,0.14142033
0.82809225,0.17190775
0.85854101,0.14145899
0.89084108,0.10915892
0.85862073,0.14137927
0.75113486,0.24886514
0.85861088,0.14138912
0.80705476,0.19294524
0.69736159,0.30263841
0.85861802,0.14138198
0.85853052,0.14146948
0.85849248,0.14150752
0.24159709,0.75840291
0.55509589,0.44490411
0.93314706,0.06685294
0.85854056,0.14145944
0.71347172,0.28652828
0.79018167,0.20981833
0.88774014,0.11225986
0.81469672,0.18530328
0.79759589,0.20240411
0.8818853,0.1181147
0.86241755,0.13758245
0.58128688,0.41871312
0.85862307,0.14137693
0.83763044,0.16236956
0.93813273,0.06186727
0.76420429,0.23579571
0.92763089,0.07236911
0.81464562,0.18535438
0.85853048,0.14146952
0.94269997,0.05730003
0.81843968,0.18156032
0.85852464,0.14147536
0.90367589,0.09632411
0.88542594,0.11457406
0.85854536,0.14145464
0.92215465,0.07784535
0.93165773,0.06834227
0.8332246,0.1667754
0.88104898,0.11895102
0.85862321,0.14137679
0.69720173,0.30279827
0.86058736,0.13941264
0.85853886,0.14146114
0.75700799,0.24299201
0.85147536,0.14852464
0.92217891,0.07782109
0.69221315,0.30778685
0.75098019,0.24901981
0.64722937,0.35277063
0.85865324,0.14134676
0.80725022,0.19274978
0.56421585,0.43578415
0.75609223,0.24390777
0.78950075,0.21049925
0.85850879,0.14149121
0.85876805,0.14123195
0.85849667,0.14150333
0.76367518,0.23632482
0.86077175,0.13922825
0.90866712,0.09133288
0.77541839,0.22458161
0.83644278,0.16355722
0.45305063,0.54694937
0.83699249,0.16300751
0.86889783,0.13110217
0.85857822,0.14142178
0.56741848,0.43258152
0.89848797,0.10151203
0.72979912,0.27020088
0.85858157,0.14141843
0.86595353,0.13404647
0.78744617,0.21255383
0.83694337,0.16305663
0.85861432,0.14138568
0.64181843,0.35818157
0.74333872,0.25666128
0.71993324,0.28006676
0.85857502,0.14142498
0.94734881,0.05265119
0.6044772,0.3955228
0.75523901,0.24476099
0.54129823,0.45870177
0.85846909,0.14153091
0.5737259,0.4262741
0.74716617,0.25283383
0.77527036,0.22472964
0.85848905,0.14151095
0.61121271,0.38878729
0.80923985,0.19076015
0.83115168,0.16884832
0.85856002,0.14143998
0.85860675,0.14139325
0.85852605,0.14147395
0.85850927,0.14149073
0.27544459,0.72455541
0.85569898,0.14430102
0.8585169,0.1414831
0.89282447,0.10717553
0.58171062,0.41828938
0.8581913,0.1418087
0.78206667,0.21793333
0.66115838,0.33884162
0.84602321,0.15397679
0.85851758,0.14148242
0.83036076,0.16963924
0.85860854,0.14139146
0.92595085,0.07404915
0.76976816,0.23023184
0.85856039,0.14143961
0.46710381,0.53289619
0.83694451,0.16305549
0.639962,0.360038
0.85659206,0.14340794
0.71859676,0.28140324
0.73580386,0.26419614
0.39793691,0.60206309
0.79217503,0.20782497
0.87593351,0.12406649
0.57256921,0.42743079
0.77402033,0.22597967
0.85857447,0.14142553
0.56940667,0.43059333
0.8210596,0.1789404
0.63711978,0.36288022
0.8585209,0.1414791
0.96334991,0.03665009
0.38378751,0.61621249
0.6009468,0.3990532
0.72553825,0.27446175
0.79836372,0.20163628
0.60986576,0.39013424
0.85864542,0.14135458
0.9385228,0.0614772
0.85857303,0.14142697
0.85858687,0.14141313
0.62419434,0.37580566
0.61687308,0.38312692
0.82601049,0.17398951
0.59860659,0.40139341
0.38826654,0.61173346
0.86022595,0.13977405
0.85861065,0.14138935
0.85858359,0.14141641
0.85852336,0.14147664
0.85849059,0.14150941
0.53337153,0.46662847
0.90653917,0.09346083
0.82573498,0.17426502
0.82333713,0.17666287
0.29074234,0.70925766
0.75388462,0.24611538
0.74776667,0.25223333
0.70919795,0.29080205
0.97262604,0.02737396
0.84735985,0.15264015
0.7963345,0.2036655
0.89481695,0.10518305
0.8967773,0.1032227
0.87565902,0.12434098
0.85851032,0.14148968
0.67807887,0.32192113
0.69576581,0.30423419
0.88243501,0.11756499
0.85847935,0.14152065
0.64638027,0.35361973
0.89562715,0.10437285
0.85863932,0.14136068
0.76906555,0.23093445
0.85861936,0.14138064
0.83485647,0.16514353
0.38824563,0.61175437
0.72016254,0.27983746
0.78875599,0.21124401
0.9377759,0.0622241
0.85855776,0.14144224
0.6447272,0.3552728
0.69366368,0.30633632
0.60495466,0.39504534
0.85850079,0.14149921
0.75347455,0.24652545
0.85857371,0.14142629
0.23996291,0.76003709
0.68490426,0.31509574
0.75583007,0.24416993
0.74743095,0.25256905
0.9401896,0.0598104
0.86561211,0.13438789
0.77036519,0.22963481
0.85859743,0.14140257
0.84511036,0.15488964
0.85861399,0.14138601
0.82670105,0.17329895
0.80825205,0.19174795
0.85207314,0.14792686
0.85858809,0.14141191
0.36091787,0.63908213
0.26710582,0.73289418
0.89296421,0.10703579
0.89486934,0.10513066
0.51052072,0.48947928
0.85369451,0.14630549
0.85861463,0.14138537
0.69102924,0.30897076
0.85847426,0.14152574
0.85857789,0.14142211
0.9543015,0.0456985
0.81345474,0.18654526
0.85859989,0.14140011
0.81994712,0.18005288
0.85865351,0.14134649
0.81443907,0.18556093
0.7080067,0.2919933
0.85857542,0.14142458
0.85742528,0.14257472
0.62201751,0.37798249
0.7408612,0.2591388
0.92229074,0.07770926
0.80365925,0.19634075
0.85862921,0.14137079
0.45820903,0.54179097
0.85860909,0.14139091
0.91888066,0.08111934
0.70490344,0.29509656
0.95692256,0.04307744
0.73916585,0.26083415
0.85865049,0.14134951
0.85860296,0.14139704
0.85854261,0.14145739
0.80781842,0.19218158
0.85857274,0.14142726
0.85851766,0.14148234
0.9568823,0.0431177
0.85311214,0.14688786
0.79845949,0.20154051
0.82978263,0.17021737
0.74418239,0.25581761
0.86652008,0.13347992
0.76112491,0.23887509
0.92783561,0.07216439
0.351937,0.648063
0.48925052,0.51074948
0.85850958,0.14149042
0.88935758,0.11064242
0.93630574,0.06369426
0.70086878,0.29913122
0.89825254,0.10174746
0.85850635,0.14149365
0.8585453,0.1414547
0.8585613,0.1414387
0.85848864,0.14151136
0.85864422,0.14135578
0.82749721,0.17250279
0.92247028,0.07752972
0.63561651,0.36438349
0.85409916,0.14590084
0.73788496,0.26211504
0.92944698,0.07055302
0.83002483,0.16997517
0.79861753,0.20138247
0.79142485,0.20857515
0.85859014,0.14140986
0.82417504,0.17582496
0.85853315,0.14146685
0.51590753,0.48409247
0.85864946,0.14135054
0.85850219,0.14149781
0.85857228,0.14142772
0.85862365,0.14137635
0.60350729,0.39649271
0.30611405,0.69388595
0.73722682,0.26277318
0.58344222,0.41655778
0.85865085,0.14134915
0.85848229,0.14151771
0.82325837,0.17674163
0.85236027,0.14763973
0.6461071,0.3538929
0.79040023,0.20959977
0.85858649,0.14141351
0.92994362,0.07005638
0.82607028,0.17392972
0.48184931,0.51815069
0.85071201,0.14928799
0.7919207,0.2080793
0.47956011,0.52043989
0.40433477,0.59566523
0.76774858,0.23225142
0.85853381,0.14146619
0.59977133,0.40022867
0.88149555,0.11850445
0.62523073,0.37476927
0.85050915,0.14949085
0.85856558,0.14143442
0.21683833,0.78316167
0.85853841,0.14146159
0.36092449,0.63907551
0.85860799,0.14139201
0.85850636,0.14149364
0.41233076,0.58766924
0.73298781,0.26701219
0.85854611,0.14145389
0.86900043,0.13099957
0.56594382,0.43405618
0.51945786,0.48054214
0.79785165,0.20214835
0.92567057,0.07432943
0.85853276,0.14146724
0.85857745,0.14142255
0.85863439,0.14136561
0.8585432,0.1414568
0.85859084,0.14140916
0.85855394,0.14144606
0.85860598,0.14139402
0.85863426,0.14136574
0.87324858,0.12675142
0.81333914,0.18666086
0.82536392,0.17463608
0.86750693,0.13249307
0.42128532,0.57871468
0.9831508,0.0168492
0.85858598,0.14141402
0.68441492,0.31558508
0.93311139,0.06688861
0.83049475,0.16950525
0.85850191,0.14149809
0.85855743,0.14144257
0.85862788,0.14137212
0.85852953,0.14147047
0.85372728,0.14627272
0.85863084,0.14136916
0.85857326,0.14142674
0.85864268,0.14135732
0.82827246,0.17172754
0.85857006,0.14142994
0.85848391,0.14151609
0.58066217,0.41933783
0.85858754,0.14141246
0.85854919,0.14145081
0.74545153,0.25454847
0.85861985,0.14138015
0.74850452,0.25149548
0.86567289,0.13432711
0.92662505,0.07337495
0.85025826,0.14974174
0.80058127,0.19941873
0.7106344,0.2893656
0.85851385,0.14148615
0.75797877,0.24202123
0.81161941,0.18838059
0.82571333,0.17428667
0.69778447,0.30221553
0.85857608,0.14142392
0.85853878,0.14146122
0.8445536,0.1554464
0.85852625,0.14147375
0.63867728,0.36132272
0.75304338,0.24695662
0.85863775,0.14136225
0.6843687,0.3156313
0.91362962,0.08637038
0.984121,0.015879
0.90113657,0.09886343
0.33494118,0.66505882
0.35922011,0.64077989
0.85855136,0.14144864
0.85854836,0.14145164
0.40593824,0.59406176
0.85857417,0.14142583
0.5,0.5
0.80331983,0.19668017
0.82244495,0.17755505
0.85847131,0.14152869
0.79005389,0.20994611
0.85855854,0.14144146
0.68216233,0.31783767
0.44462241,0.55537759
0.90484045,0.09515955
0.79504541,0.20495459
0.38266217,0.61733783
0.85852697,0.14147303
0.85849636,0.14150364
0.91835705,0.08164295
0.40772779,0.59227221
0.4066775,0.5933225
0.53533838,0.46466162
0.6614387,0.3385613
0.85865864,0.14134136
0.5,0.5
0.70188392,0.29811608
0.85849963,0.14150037
0.84909946,0.15090054
0.3232795,0.6767205
0.62282959,0.37717041
0.79209696,0.20790304
0.85851641,0.14148359
0.5078231,0.4921769
0.30952219,0.69047781
0.80891992,0.19108008
0.84593733,0.15406267
0.85850695,0.14149305
0.85853512,0.14146488
0.85856558,0.14143442
0.83112312,0.16887688
0.6372147,0.3627853
0.68257567,0.31742433
0.76425199,0.23574801
0.79959876,0.20040124
0.74189584,0.25810416
0.83149366,0.16850634
0.93342171,0.06657829
0.85854115,0.14145885
0.8586008,0.1413992
0.86866446,0.13133554
0.85847094,0.14152906
0.85853329,0.14146671
0.85857176,0.14142824
0.85856896,0.14143104
0.85854484,0.14145516
0.90465123,0.09534877
0.52856383,0.47143617
0.6995315,0.3004685
0.63756081,0.36243919
0.85376736,0.14623264
0.85859252,0.14140748
0.85857186,0.14142814
0.85861282,0.14138718
0.80207498,0.19792502
0.85860167,0.14139833
0.88834411,0.11165589
0.90603048,0.09396952
0.85856686,0.14143314
0.79581156,0.20418844
0.90267962,0.09732038
0.85858037,0.14141963
0.85849012,0.14150988
0.76491928,0.23508072
0.84927405,0.15072595
0.85847991,0.14152009
0.80470468,0.19529532
0.85851156,0.14148844
0.920698,0.079302
0.91234534,0.08765466
0.85855798,0.14144202
0.63417199,0.36582801
0.85847025,0.14152975
0.88733642,0.11266358
0.77799625,0.22200375
0.85848806,0.14151194
0.62499529,0.37500471
0.8585859,0.1414141
0.85861013,0.14138987
0.85855902,0.14144098
0.85857438,0.14142562
0.73649914,0.26350086
0.86730348,0.13269652
0.81466515,0.18533485
0.85864799,0.14135201
0.85425606,0.14574394
0.87962361,0.12037639
0.61403543,0.38596457
0.78634466,0.21365534
0.52641735,0.47358265
0.88270524,0.11729476
0.88035603,0.11964397
0.5,0.5
0.85848257,0.14151743
0.82280133,0.17719867
0.85856565,0.14143435
0.74185005,0.25814995
0.7651194,0.2348806
0.85852462,0.14147538
0.85857171,0.14142829
0.25073985,0.74926015
0.85849314,0.14150686
0.67840188,0.32159812
0.85853341,0.14146659
0.85856404,0.14143596
0.3140529,0.6859471
0.68935151,0.31064849
0.93334348,0.06665652
0.85852608,0.14147392
0.76931618,0.23068382
0.38467988,0.61532012
0.85847944,0.14152056
0.85863291,0.14136709
0.8585555,0.1414445
0.82109035,0.17890965
0.57329486,0.42670514
0.85852597,0.14147403
0.85849284,0.14150716
0.85857393,0.14142607
0.8586373,0.1413627
0.82651172,0.17348828
0.74143721,0.25856279
0.64886987,0.35113013
0.80494744,0.19505256
0.81835968,0.18164032
0.87474057,0.12525943
0.85830233,0.14169767
0.85854354,0.14145646
0.6450351,0.3549649
0.59889324,0.40110676
0.74441281,0.25558719
0.40712488,0.59287512
0.85859933,0.14140067
0.9186906,0.0813094
0.61642026,0.38357974
0.80910717,0.19089283
0.73880528,0.26119472
0.426362,0.573638
0.94264329,0.05735671
0.85855601,0.14144399
0.5,0.5
0.58084675,0.41915325
0.82064167,0.17935833
0.69800406,0.30199594
0.93761773,0.06238227
0.64430717,0.35569283
0.58710605,0.41289395
0.30602907,0.69397093
0.85119986,0.14880014
0.88265692,0.11734308
0.71264266,0.28735734
0.90479607,0.09520393
0.33233656,0.66766344
0.85848707,0.14151293
0.85146257,0.14853743
0.85858601,0.14141399
0.87650403,0.12349597
0.75812749,0.24187251
0.86082349,0.13917651
0.89085161,0.10914839
0.84881543,0.15118457
0.80436559,0.19563441
0.79108863,0.20891137
0.85851784,0.14148216
0.75657211,0.24342789
0.8585866,0.1414134
0.63452351,0.36547649
0.85855635,0.14144365
0.84563183,0.15436817
0.85852058,0.14147942
0.80218521,0.19781479
0.85866599,0.14133401
0.95139444,0.04860556
0.73763224,0.26236776
0.86834881,0.13165119
0.85848687,0.14151313
0.85849471,0.14150529
0.8585856,0.1414144
0.85859146,0.14140854
0.85856419,0.14143581
0.85849178,0.14150822
0.46841726,0.53158274
0.83821839,0.16178161
0.50792895,0.49207105
0.81328232,0.18671768
0.858594,0.141406
0.85796968,0.14203032
0.85863625,0.14136375
0.6124246,0.3875754
0.76842315,0.23157685
0.84972021,0.15027979
0.60876205,0.39123795
0.91064283,0.08935717
0.825757,0.174243
0.89784949,0.10215051
0.85856329,0.14143671
0.88010796,0.11989204
0.85850633,0.14149367
0.85866258,0.14133742
0.68209521,0.31790479
0.85856525,0.14143475
0.85857888,0.14142112
0.59059409,0.40940591
0.85852226,0.14147774
0.85852877,0.14147123
0.85859542,0.14140458
0.92137154,0.07862846
0.85857722,0.14142278
0.85855399,0.14144601
0.92702029,0.07297971
0.85857213,0.14142787
0.74476275,0.25523725
0.5691049,0.4308951
0.8585794,0.1414206
0.41237746,0.58762254
0.85855532,0.14144468
0.85848809,0.14151191
0.90457468,0.09542532
0.92015939,0.07984061
0.70036456,0.29963544
0.53483558,0.46516442
0.958002,0.041998
0.85847409,0.14152591
0.64619503,0.35380497
0.53916463,0.46083537
0.90250606,0.09749394
0.83393879,0.16606121
0.88862832,0.11137168
0.83463246,0.16536754
0.85860705,0.14139295
0.5,0.5
0.9569377,0.0430623
0.85851259,0.14148741
0.85848885,0.14151115
0.85856441,0.14143559
0.85861678,0.14138322
0.42664372,0.57335628
0.66169622,0.33830378
0.55502833,0.44497167
0.7547733,0.2452267
0.85860652,0.14139348
0.90712173,0.09287827
0.84868005,0.15131995
0.71314201,0.28685799
0.7852695,0.2147305
0.85855654,0.14144346
0.85860974,0.14139026
0.76067638,0.23932362
0.96167403,0.03832597
0.85854166,0.14145834
0.91942276,0.08057724
0.87898999,0.12101001
0.80703288,0.19296712
0.80195438,0.19804562
0.15493146,0.84506854
0.76676422,0.23323578
0.5103137,0.4896863
0.88852528,0.11147472
0.87216313,0.12783687
0.86823104,0.13176896
0.89554155,0.10445845
0.91713314,0.08286686
0.82589178,0.17410822
0.5,0.5
0.78839462,0.21160538
0.85859069,0.14140931
0.82544349,0.17455651
0.87879595,0.12120405
0.90721386,0.09278614
0.96231479,0.03768521
0.85848638,0.14151362
0.50719647,0.49280353
0.74018107,0.25981893
0.85862129,0.14137871
0.61950825,0.38049175
0.85675103,0.14324897
0.76436274,0.23563726
0.65732769,0.34267231
0.93076873,0.06923127
0.85856533,0.14143467
0.88458088,0.11541912
0.90071798,0.09928202
0.60247493,0.39752507
0.69546748,0.30453252
0.70601692,0.29398308
0.80032053,0.19967947
0.53281168,0.46718832
0.80549071,0.19450929
0.72334932,0.27665068
0.80306423,0.19693577
0.85849305,0.14150695
0.81770124,0.18229876
0.67672774,0.32327226
0.92868273,0.07131727
0.77787787,0.22212213
0.88366147,0.11633853
0.85860138,0.14139862
0.85863832,0.14136168
0.56832284,0.43167716
0.85856413,0.14143587
0.86107664,0.13892336
0.82958769,0.17041231
0.86235667,0.13764333
0.85862152,0.14137848
0.29830501,0.70169499
0.90748935,0.09251065
0.85853069,0.14146931
0.87577441,0.12422559
0.79806438,0.20193562
0.55766552,0.44233448
0.85856554,0.14143446
0.85850693,0.14149307
0.91380904,0.08619096
0.82890526,0.17109474
0.85989493,0.14010507
0.71775612,0.28224388
0.81222987,0.18777013
0.89377048,0.10622952
0.85851564,0.14148436
