0.677087,0.322913
0.46891695,0.53108305
0.10293118,0.8970688
0.09975629,0.90024376
0.17407265,0.8259274
0.06625607,0.93374395
0.7489796,0.25102034
0.20524378,0.7947562
0.08503912,0.91496086
0.06876356,0.9312365
0.32772937,0.6722706
0.16796154,0.8320384
0.70319545,0.29680455
0.69415927,0.30584073
0.1280665,0.8719335
0.35298434,0.6470157
0.27422515,0.7257748
0.25919187,0.7408081
0.2730877,0.7269123
0.2393746,0.7606255
0.68132466,0.3186753
0.06337775,0.93662226
0.17972179,0.8202782
0.04933334,0.9506666
0.13926283,0.86073714
0.08223581,0.9177642
0.59260756,0.40739244
0.6434724,0.3565276
0.6288071,0.37119284
0.3491944,0.6508056
0.7012086,0.2987914
0.13043928,0.8695607
0.2478157,0.7521843
0.22245005,0.77755
0.12702002,0.87298
0.64400804,0.35599196
0.14220689,0.85779315
0.42669308,0.573307
0.15717743,0.84282255
0.19051293,0.8094871
0.12799555,0.87200445
0.11349473,0.88650525
0.15641274,0.8435873
0.15721321,0.84278685
0.17742635,0.82257366
0.19929676,0.8007033
0.39368778,0.6063122
0.18135414,0.81864583
0.45468518,0.54531485
0.24362606,0.75637394
0.20608814,0.7939119
0.279136,0.720864
0.26611054,0.73388946
0.4555683,0.5444317
0.18951957,0.8104805
0.5652248,0.43477517
0.18320285,0.81679714
0.48340362,0.5165963
0.39254692,0.60745305
0.07120166,0.9287984
0.1772099,0.82279015
0.1360525,0.8639475
0.23465075,0.7653492
0.5878838,0.41211617
0.44095665,0.5590433
0.21866213,0.78133786
0.36381888,0.6361811
0.17876068,0.8212393
0.45414695,0.545853
0.33598313,0.66401684
0.16211411,0.8378859
0.05653104,0.943469
0.4884267,0.5115734
0.44751355,0.5524864
0.3107763,0.6892237
0.44236794,0.5576321
0.25347215,0.74652785
0.6954598,0.30454022
0.64064556,0.35935438
0.7235892,0.27641082
0.56164044,0.43835956
0.15401272,0.8459872
0.16633023,0.8336698
0.4000247,0.5999752
0.23461406,0.765386
0.27576658,0.7242334
0.35129812,0.6487019
0.04454723,0.9554528
0.25603727,0.7439627
0.2994104,0.70058966
0.14705983,0.8529402
0.33634195,0.6636581
0.23113531,0.7688647
0.4396688,0.5603312
0.39179325,0.60820675
0.4068209,0.5931791
0.14699586,0.8530041
0.16993922,0.83006084
0.12358588,0.8764141
0.28277907,0.7172209
0.45783433,0.5421657
0.30175343,0.69824654
0.17782255,0.8221774
0.37329262,0.6267073
0.27463344,0.7253666
0.1897209,0.8102791
0.16537246,0.83462757
0.16221201,0.8377879
0.12323617,0.8767638
0.6119814,0.38801855
0.43512172,0.5648783
0.23075232,0.76924765
0.38040176,0.61959827
0.4313847,0.5686153
0.06945508,0.93054485
0.06311081,0.93688923
0.18147312,0.81852686
0.22362602,0.776374
0.15243061,0.8475694
0.65479296,0.345207
0.09000063,0.9099994
0.41244236,0.5875576
0.05325266,0.9467473
0.1765603,0.82343966
0.30451378,0.6954862
0.208687,0.791313
0.3971838,0.60281616
0.5240724,0.47592756
0.2864395,0.7135605
0.3631556,0.6368444
0.20421502,0.79578495
0.16141754,0.83858246
0.342985,0.65701497
0.23052855,0.76947147
0.5678952,0.43210486
0.509787,0.49021295
0.2113859,0.7886141
0.04375302,0.95624703
0.1664051,0.8335949
0.6133904,0.38660964
0.39456978,0.60543025
0.08647509,0.9135249
0.24041606,0.75958395
0.07971913,0.92028093
0.65317875,0.34682125
0.3371447,0.6628553
0.14163989,0.85836005
0.05736002,0.94264
0.44186208,0.5581379
0.28987232,0.71012765
0.22786789,0.77213204
0.3119689,0.68803114
0.14503704,0.854963
0.08818939,0.9118106
0.03456495,0.965435
0.04596215,0.9540379
0.6460118,0.35398823
0.20252067,0.79747933
0.17192644,0.82807356
0.37178078,0.62821925
0.40509284,0.59490716
0.36743483,0.6325652
0.2747672,0.72523284
0.23599155,0.76400846
0.32526368,0.6747363
0.33050603,0.669494
0.082817,0.917183
0.25003415,0.74996585
0.7303529,0.26964715
0.28085154,0.71914846
0.30655885,0.69344115
0.5874602,0.4125398
0.37406722,0.62593275
0.27937305,0.72062695
0.09460621,0.90539384
0.8457853,0.15421467
0.14860225,0.8513978
0.11961615,0.88038385
0.10562179,0.89437824
0.15541959,0.8445805
0.35410923,0.6458908
0.21122949,0.7887705
0.32588404,0.67411596
0.31261486,0.68738514
0.6691734,0.33082658
0.1508657,0.8491343
0.3066024,0.69339764
0.27570486,0.72429514
0.3497883,0.6502117
0.33520493,0.6647951
0.20994826,0.7900517
0.7121229,0.28787708
0.36152494,0.638475
0.3801293,0.61987066
0.6017284,0.39827162
0.38647407,0.6135259
0.5683336,0.4316664
0.32383245,0.67616755
0.36515805,0.634842
0.20107323,0.7989268
0.31478557,0.6852144
0.40364864,0.5963513
0.2821618,0.71783817
0.28840974,0.7115903
0.2055881,0.79441184
0.24090345,0.7590965
0.16214108,0.8378589
0.24960144,0.7503986
0.40571016,0.59428984
0.13749042,0.8625096
0.47212735,0.5278726
0.5380797,0.46192032
0.29889587,0.7011041
0.7309408,0.26905915
0.35202906,0.6479709
0.5762248,0.42377517
0.19469847,0.80530155
0.2980959,0.70190406
0.62740797,0.37259203
0.11319844,0.88680154
0.1735162,0.8264838
0.21187648,0.78812355
0.25841948,0.7415805
0.42870688,0.5712931
0.03703256,0.96296746
0.19099234,0.8090077
0.4657581,0.5342419
0.4170153,0.5829847
0.30067152,0.6993285
0.46462366,0.5353763
0.32260525,0.67739475
0.11038867,0.88961136
0.5801613,0.41983873
0.3386507,0.66134936
0.4626993,0.5373007
0.29027912,0.7097209
0.16290814,0.83709186
0.3951012,0.6048988
0.34740472,0.6525952
0.2427857,0.7572143
0.260104,0.739896
0.14340588,0.8565941
0.66920555,0.33079448
0.24041466,0.7595853
0.16084498,0.839155
0.08664354,0.9133564
0.2073909,0.79260904
0.06355497,0.936445
0.18646696,0.813533
0.4599269,0.5400731
0.39588073,0.60411924
0.24970166,0.75029826
0.61587244,0.3841275
0.2669897,0.7330103
0.111781,0.88821894
0.08177504,0.918225
0.25297704,0.747023
0.5099976,0.49000242
0.128084,0.871916
0.37511343,0.6248866
0.19131391,0.80868614
0.11393437,0.8860656
0.4943613,0.5056387
0.35984406,0.6401559
0.18645397,0.813546
0.4866049,0.51339513
0.24127738,0.7587226
0.09238279,0.9076173
0.36481982,0.6351801
0.5503411,0.4496589
0.2855812,0.71441877
0.419424,0.580576
0.079547,0.92045295
0.23749821,0.76250184
0.2378044,0.76219565
0.6700119,0.32998806
0.20330636,0.7966936
0.21966122,0.7803388
0.15525708,0.8447429
0.10468009,0.89531994
0.32568353,0.67431647
0.26788664,0.7321134
0.18747397,0.81252605
0.23702946,0.76297057
0.47200298,0.5279971
0.22491844,0.7750815
0.02612236,0.9738776
0.34372875,0.6562712
0.09010359,0.90989643
0.12705861,0.8729414
0.18782546,0.81217456
0.12150213,0.8784979
0.269807,0.73019296
0.12957586,0.8704241
0.23867026,0.7613297
0.19142726,0.8085727
0.28899154,0.7110084
0.12480921,0.87519085
0.34670395,0.65329605
0.08790106,0.91209894
0.23517309,0.76482695
0.6164235,0.38357654
0.07934467,0.9206553
0.33021095,0.669789
0.20970896,0.790291
0.18309355,0.81690645
0.43709472,0.56290525
0.3258505,0.6741495
0.13285054,0.8671495
0.19335283,0.8066472
0.64858633,0.35141373
0.40571737,0.5942826
0.31475464,0.6852454
0.15009852,0.84990144
0.21314669,0.7868533
0.26631975,0.73368025
0.31735396,0.68264604
0.19281092,0.8071891
0.1378847,0.8621153
0.6814809,0.31851912
0.47818038,0.52181965
0.05519636,0.9448036
0.46234354,0.5376564
0.5501713,0.44982868
0.21568887,0.7843112
0.21259592,0.7874041
0.6217001,0.37829986
0.2692121,0.73078793
0.4440024,0.5559976
0.31678838,0.6832117
0.4484419,0.5515581
0.23325023,0.76674974
0.1896624,0.81033766
0.16474418,0.83525586
0.44661528,0.5533848
0.18363862,0.81636137
0.43926615,0.56073385
0.17952831,0.8204717
0.37901255,0.6209875
0.19527213,0.80472785
0.43831334,0.56168664
0.27623087,0.7237691
0.3074587,0.6925413
0.04247517,0.95752484
0.65575355,0.34424645
0.28059447,0.71940553
0.08832657,0.9116734
0.18122837,0.8187716
0.24546747,0.7545325
0.11034527,0.88965476
0.19135225,0.80864775
0.22947869,0.77052134
0.36860645,0.6313936
0.32747504,0.672525
0.18761061,0.81238943
0.46490636,0.53509367
0.11587784,0.8841222
0.31963658,0.6803634
0.19006783,0.8099321
0.4300008,0.5699992
0.2423086,0.7576914
0.42624378,0.5737562
0.16768037,0.8323196
0.30339924,0.69660074
0.4683053,0.5316947
0.31920293,0.68079704
0.26791856,0.7320815
0.24225451,0.7577455
0.20003517,0.79996485
0.21493986,0.78506017
0.05802628,0.9419737
0.42099655,0.57900345
0.7572719,0.2427281
0.728738,0.271262
0.3013972,0.6986028
0.34704003,0.65295994
0.6610851,0.33891493
0.47626057,0.5237394
0.290068,0.709932
0.3166828,0.68331724
0.09610827,0.90389174
0.3065378,0.6934622
0.13847502,0.86152494
0.20001793,0.7999821
0.25456294,0.745437
0.1486012,0.85139877
0.18047501,0.819525
0.17196995,0.82803
0.11479002,0.88521
0.27656654,0.72343343
0.3428804,0.6571196
0.15642266,0.8435773
0.29027912,0.7097209
0.15704852,0.8429515
0.17600857,0.8239915
0.23001008,0.76998997
0.71072376,0.28927624
0.19783184,0.8021682
0.54692996,0.45307
0.28209567,0.7179043
0.5028516,0.49714833
0.21625502,0.78374493
0.2368402,0.76315975
0.7219114,0.27808866
0.396603,0.60339695
0.15971223,0.8402878
0.58881885,0.41118118
0.4639251,0.53607494
0.7039157,0.29608425
0.3683325,0.63166755
0.56759775,0.4324022
0.13587141,0.8641286
0.22621922,0.77378076
0.17382763,0.82617235
0.60571957,0.39428046
0.40793303,0.592067
0.0985302,0.90146977
0.13193667,0.86806333
0.41510308,0.5848969
0.46517453,0.53482544
0.37978557,0.62021446
0.12432479,0.87567526
0.5543228,0.4456772
0.30973464,0.69026536
0.4259778,0.57402223
0.11243334,0.8875666
0.06201466,0.9379853
0.2775102,0.7224898
0.2775989,0.72240114
0.37984902,0.620151
0.35673544,0.6432646
0.4825848,0.5174152
0.07179109,0.9282089
0.13857809,0.8614219
0.44276762,0.55723244
0.08025882,0.9197412
0.3383659,0.661634
0.42959756,0.5704024
0.2368402,0.76315975
0.6313909,0.36860913
0.38831982,0.6116802
0.44229883,0.5577011
0.2163404,0.78365964
0.6436342,0.35636586
0.26053897,0.73946106
0.07806116,0.92193884
0.7378879,0.2621121
0.46121714,0.5387829
0.17905986,0.8209402
0.06052109,0.9394789
0.4961256,0.5038744
0.52328837,0.4767116
0.59759957,0.40240043
0.20944141,0.79055864
0.05377194,0.9462281
0.08789903,0.912101
0.0980256,0.9019744
0.12487393,0.8751261
0.25278562,0.7472144
0.39767036,0.6023297
0.1610627,0.8389373
0.07730792,0.92269206
0.552113,0.447887
0.10288414,0.8971158
0.42454273,0.5754573
0.5017896,0.49821034
0.49804616,0.50195384
0.03418665,0.9658134
0.5456483,0.45435175
0.19445129,0.8055487
0.26565477,0.7343452
0.43939304,0.56060696
0.2901603,0.70983976
0.08971451,0.91028553
0.17981756,0.82018244
0.7812315,0.21876842
0.16351432,0.8364857
0.484253,0.515747
0.25028855,0.74971145
0.10331942,0.89668053
0.63576406,0.36423597
0.14963248,0.8503675
0.2260151,0.7739849
0.25346646,0.7465336
0.18473166,0.81526834
0.5652272,0.43477276
0.3905502,0.60944974
0.25297022,0.7470298
0.32338578,0.6766142
0.17866263,0.8213374
0.12639731,0.8736027
0.37009415,0.6299059
0.26379013,0.73620987
0.32859936,0.67140067
0.2657834,0.7342166
0.23906347,0.7609365
0.1491393,0.85086066
0.11683544,0.8831646
0.2837381,0.71626186
0.152453,0.847547
0.2443275,0.75567245
0.24067725,0.7593227
0.43370005,0.5663
0.12799641,0.87200356
0.19543637,0.80456364
0.15550005,0.84449995
0.45339894,0.54660106
0.13347931,0.86652064
0.11663057,0.88336945
0.18395448,0.8160456
0.20459177,0.7954083
0.21079944,0.7892006
0.65557176,0.34442824
0.3266564,0.67334366
0.17909007,0.82091
0.04108078,0.9589192
0.430052,0.569948
0.26688313,0.7331169
0.17883119,0.8211688
0.6281039,0.3718961
0.27570954,0.72429043
0.5985528,0.40144715
0.17777148,0.8222285
0.45251653,0.54748344
0.07749906,0.9225009
0.21077979,0.7892203
0.04640093,0.9535991
0.46623063,0.53376937
0.06684783,0.9331522
0.39286348,0.60713655
0.0773943,0.9226057
0.07043613,0.9295638
0.4381287,0.5618713
0.5679379,0.43206206
0.34073406,0.65926594
0.3561682,0.6438318
0.41129142,0.58870864
0.11979426,0.88020575
0.10966738,0.89033264
0.13264927,0.86735076
0.70608354,0.29391643
0.7557821,0.24421789
0.27553076,0.7244693
0.5619758,0.43802422
0.23040001,0.76960003
0.34759027,0.6524098
0.08632464,0.91367537
0.17146814,0.8285318
0.06636119,0.93363875
0.33238947,0.66761047
0.53604704,0.4639529
0.63754016,0.36245984
0.29963246,0.70036757
0.44785357,0.55214643
0.47979778,0.5202022
0.3846469,0.6153531
0.17170542,0.8282946
0.6174309,0.38256904
0.12305024,0.8769497
0.21823937,0.78176063
0.4000704,0.5999296
0.42048317,0.5795168
0.16821194,0.831788
0.24743038,0.7525696
0.15816893,0.8418311
0.36329278,0.6367072
0.43993068,0.56006926
0.2641321,0.73586786
0.05439939,0.94560057
0.5009647,0.4990353
0.3134372,0.6865628
0.42163017,0.57836986
0.17273785,0.82726216
0.19852169,0.8014783
0.18551578,0.8144842
0.05546601,0.94453394
0.22064517,0.7793549
0.56816804,0.431832
0.17952971,0.8204703
0.4586694,0.5413306
0.23140697,0.768593
0.3922951,0.60770494
0.11836479,0.8816352
0.3241849,0.67581505
0.1508647,0.84913534
0.22328608,0.7767139
0.6549174,0.3450826
0.19222601,0.80777395
0.29578987,0.7042101
0.04973682,0.9502632
0.37232733,0.6276727
0.46912,0.53088
0.48563075,0.51436925
0.15318704,0.84681296
0.15038076,0.84961927
0.02936179,0.9706382
0.58680093,0.4131991
0.63457257,0.36542746
0.23439692,0.76560307
0.17433932,0.82566065
0.18558489,0.81441516
0.294252,0.70574796
0.14160301,0.85839695
0.21235853,0.7876414
0.43172497,0.56827503
0.3701908,0.6298092
0.5644802,0.43551984
0.17258175,0.82741827
0.25421506,0.745785
0.386128,0.61387205
0.06184936,0.93815064
0.16669786,0.8333022
0.10438665,0.8956133
0.32226822,0.67773175
0.34770727,0.65229267
0.53500944,0.4649906
0.17438506,0.825615
0.46841294,0.531587
0.23085485,0.7691452
0.34086984,0.6591301
0.20251174,0.7974882
0.10546142,0.8945386
0.2883248,0.71167517
0.10257698,0.897423
0.25248778,0.7475122
0.3305349,0.6694651
0.5104903,0.4895097
0.15784785,0.8421521
0.40709826,0.59290177
0.28013483,0.71986514
0.41146252,0.5885375
0.6104315,0.3895685
0.41433853,0.5856614
0.16479577,0.8352042
0.17353809,0.8264619
0.18947457,0.8105254
0.29251012,0.7074899
0.35305756,0.6469425
0.09754728,0.90245277
0.25622943,0.7437706
0.616172,0.383828
0.38410714,0.6158929
0.25891373,0.74108624
0.18422203,0.81577796
0.04799275,0.95200723
0.66183305,0.33816692
0.22121547,0.7787845
0.29790297,0.702097
0.19288,0.80712
0.27632076,0.7236793
0.27938023,0.7206198
0.0902666,0.9097334
0.5004079,0.49959213
0.19907871,0.8009213
0.14926764,0.8507323
0.13349895,0.86650103
0.3559154,0.6440846
0.2662903,0.7337097
0.3856852,0.61431473
0.18672143,0.81327856
0.12011731,0.8798827
0.5051348,0.49486518
0.43748802,0.562512
0.3726995,0.62730044
0.3401177,0.65988225
0.27553815,0.72446185
0.1689556,0.83104444
0.30414146,0.69585854
0.32184646,0.6781535
0.4440268,0.5559732
0.37653807,0.62346196
0.12563154,0.8743685
0.41344225,0.5865578
0.35924783,0.64075214
0.23142114,0.7685789
0.29345456,0.7065455
0.49256042,0.50743955
0.20822243,0.7917776
0.16440152,0.83559847
0.40449762,0.5955024
0.09269296,0.907307
0.26484892,0.73515105
0.2623692,0.73763084
0.17316446,0.8268356
0.44801116,0.5519889
0.12477393,0.8752261
0.2392117,0.7607883
0.08584225,0.9141578
0.60618633,0.39381367
0.38718876,0.6128112
0.21331951,0.7866805
0.45221928,0.54778075
0.8312442,0.16875584
0.52358323,0.47641677
0.41315705,0.58684295
0.41111714,0.58888286
0.46679774,0.5332023
0.07540427,0.9245957
0.32561263,0.67438734
0.20285371,0.7971463
0.12566958,0.8743304
0.53407013,0.46592987
0.67835873,0.32164124
0.18454802,0.8154519
0.1358493,0.8641507
0.0629333,0.9370667
0.03093509,0.96906495
0.40069896,0.599301
0.12511556,0.8748844
0.12102532,0.8789747
0.1747914,0.82520854
0.14504348,0.85495657
0.17642288,0.8235771
0.18563482,0.8143652
0.21634859,0.7836515
0.21978778,0.7802122
0.32405582,0.6759442
0.2778637,0.72213626
0.36864373,0.6313563
0.30622587,0.69377416
0.62590206,0.37409794
0.11662406,0.88337594
0.5178271,0.48217294
0.3194602,0.6805398
0.32629192,0.67370814
0.38550693,0.6144931
0.20463231,0.7953677
0.6793849,0.32061508
0.16926958,0.83073044
0.18828404,0.81171596
0.13911057,0.86088943
0.08772484,0.91227514
0.5559875,0.44401255
0.27942786,0.7205721
0.03025457,0.9697454
0.3509958,0.6490042
0.44379744,0.55620253
0.17475186,0.8252482
0.04338817,0.9566119
0.47663492,0.523365
0.24740009,0.7525999
0.12559137,0.87440866
0.25671452,0.74328554
0.20000648,0.7999935
0.45574474,0.54425526
0.20724437,0.79275566
0.11947192,0.8805281
0.3735689,0.6264311
0.25151774,0.7484822
0.4648219,0.5351781
0.2976884,0.70231164
0.2361989,0.7638011
0.09320906,0.906791
0.17981872,0.82018125
0.15491152,0.8450885
0.18101707,0.81898296
0.14119688,0.8588031
0.3154958,0.6845043
0.0437547,0.95624524
0.4492287,0.5507713
0.38321784,0.6167821
0.65977204,0.34022802
0.3894975,0.61050254
0.12855789,0.8714421
0.30869323,0.69130677
0.15290391,0.8470961
0.5382634,0.4617366
0.08884048,0.91115946
0.13847385,0.8615262
0.41174546,0.5882545
0.13661976,0.86338025
0.22135328,0.7786467
0.45471075,0.5452893
0.2708957,0.72910434
0.27949905,0.72050095
0.6383528,0.36164725
0.2143666,0.7856333
0.2616797,0.73832035
0.02858632,0.9714137
0.4337366,0.56626344
0.1737555,0.8262445
0.57380044,0.42619953
0.44348392,0.55651605
0.3125349,0.6874651
0.17702076,0.8229793
0.2848946,0.71510535
0.0714746,0.92852545
0.29212552,0.7078744
0.15473185,0.84526813
0.15196481,0.84803516
0.42098203,0.579018
0.17526579,0.8247343
0.23838513,0.7616149
0.2952229,0.7047771
0.37626067,0.62373936
0.24264306,0.75735694
0.34763893,0.6523611
0.442715,0.557285
0.56095076,0.4390492
0.35561088,0.64438915
0.29080635,0.7091936
0.29418635,0.70581365
0.17182882,0.8281712
0.26109013,0.73890984
0.61309075,0.38690922
0.20735121,0.7926488
0.34226394,0.65773606
0.448416,0.55158395
0.50049424,0.4995058
0.39044932,0.60955065
0.33258763,0.66741234
0.40927637,0.59072363
0.19688787,0.8031122
0.1516002,0.84839976
0.4260098,0.5739902
0.49026477,0.50973517
0.2980004,0.70199966
0.29400858,0.7059914
0.6815097,0.31849033
0.6416164,0.35838357
0.34281614,0.6571839
0.30632478,0.6936753
0.16276038,0.83723956
0.10593484,0.8940652
0.0521554,0.9478446
0.16290171,0.8370983
0.33463493,0.6653651
0.08625441,0.9137455
0.3635943,0.63640577
0.0960461,0.9039539
0.28221908,0.71778095
0.10946042,0.8905396
0.14580023,0.85419977
0.40453643,0.59546363
0.32438928,0.6756107
0.14189227,0.85810775
0.24234721,0.7576528
0.33438182,0.66561824
0.34690207,0.6530979
0.2831122,0.7168878
0.15631665,0.84368336
0.12386552,0.87613446
0.12281192,0.877188
0.12382857,0.8761714
0.1927993,0.8072007
0.2900672,0.7099328
0.38960382,0.6103962
0.43774268,0.5622573
0.10009252,0.89990747
0.1069515,0.89304847
0.6303191,0.36968094
0.18887281,0.8111271
0.22324635,0.77675366
0.40745428,0.5925457
0.06858552,0.93141454
0.5390331,0.46096686
0.17396572,0.8260343
0.15698975,0.84301025
0.5024742,0.49752578
0.2594665,0.74053353
0.106921,0.893079
0.535596,0.464404
0.42381412,0.5761858
0.5043978,0.4956022
0.66317195,0.336828
0.24970047,0.7502995
0.05678511,0.9432149
0.69012016,0.30987987
0.15575694,0.8442431
0.5655682,0.43443176
0.2933521,0.70664793
0.24319753,0.75680244
0.32196277,0.6780372
0.18093596,0.819064
0.24026853,0.7597315
0.3417118,0.65828824
0.5951594,0.40484056
0.5374928,0.46250722
0.12400343,0.8759966
0.35371748,0.64628255
0.20829794,0.7917021
0.18940032,0.81059974
0.12782705,0.8721729
0.3298358,0.6701642
0.10391708,0.89608294
0.21149425,0.78850573
0.38895035,0.61104965
0.25407538,0.7459246
0.48289856,0.51710147
0.42389894,0.57610106
0.43066826,0.56933177
0.08203859,0.9179614
0.19784613,0.8021538
0.40125898,0.598741
0.20359948,0.79640055
0.29076883,0.70923114
0.26113698,0.738863
0.42323485,0.5767652
0.19542241,0.8045776
0.42411038,0.57588965
0.07024108,0.92975897
0.14469132,0.85530865
0.23795155,0.7620484
0.38081095,0.6191891
0.6522436,0.3477564
0.5326407,0.46735933
0.6870594,0.31294057
0.368815,0.631185
0.12168305,0.8783169
0.33793834,0.6620617
0.10652036,0.89347965
0.6872069,0.31279305
0.6270811,0.37291887
0.18870167,0.8112983
0.18987976,0.8101202
0.59444636,0.40555367
0.37456045,0.6254396
0.20951772,0.79048234
0.06735094,0.932649
0.37554595,0.624454
0.44569656,0.5543034
0.6233516,0.3766484
0.2042553,0.79574466
0.33726987,0.6627301
0.37528646,0.62471354
0.23413707,0.76586294
0.23562272,0.7643773
0.27546757,0.7245324
0.63285595,0.36714405
0.19769117,0.8023088
0.3864266,0.61357343
0.12371434,0.8762857
0.21720836,0.7827916
0.6883866,0.31161335
0.38119864,0.61880136
0.78511703,0.21488297
0.39589965,0.6041003
0.13023452,0.86976546
0.15965284,0.84034723
0.17765114,0.82234883
0.47826385,0.52173615
0.22447275,0.77552724
0.5829976,0.41700235
0.27993846,0.7200616
0.39866132,0.60133874
0.5439321,0.45606786
0.3651139,0.6348861
0.51013917,0.4898608
0.31735396,0.682646
0.17774229,0.8222577
0.23401755,0.76598245
0.5167869,0.48321307
0.11460003,0.8854
0.27203685,0.7279632
0.19030699,0.809693
0.27461454,0.7253855
0.20008661,0.7999134
0.20656514,0.7934349
0.24428679,0.75571316
0.12005492,0.8799451
0.09955362,0.90044636
0.1882034,0.81179667
0.40438312,0.5956169
0.2683274,0.73167264
0.12983625,0.87016374
0.1659337,0.83406633
0.35865965,0.6413403
0.3206523,0.67934763
0.4025106,0.5974894
0.5107232,0.48927683
0.27583545,0.7241645
0.42862236,0.57137764
0.35079312,0.6492069
0.26632205,0.7336779
0.03233518,0.96766484
0.20049144,0.7995085
0.49291638,0.50708365
0.14867087,0.8513291
0.49784783,0.5021522
0.45436743,0.54563254
0.68221205,0.3177879
0.02521241,0.97478765
0.6287896,0.37121037
0.3190817,0.6809183
0.19059074,0.80940926
0.22680384,0.77319616
0.25982523,0.7401748
0.17987229,0.82012767
0.3302609,0.66973907
0.2619227,0.7380773
0.16209444,0.8379056
0.3198419,0.6801581
0.4081979,0.5918021
0.1481271,0.8518729
0.27309585,0.72690415
0.50026,0.49973994
0.25499466,0.7450053
0.30680147,0.6931985
0.10661644,0.89338356
0.23365615,0.76634383
0.09142698,0.9085731
0.4369708,0.56302917
0.77104264,0.22895736
0.28730148,0.71269846
0.09905823,0.9009417
0.161102,0.83889794
0.13532889,0.8646712
0.2436813,0.7563187
0.30892098,0.691079
0.40527967,0.59472036
0.20760319,0.79239684
0.0652331,0.9347668
0.247653,0.752347
0.10675765,0.89324236
0.50291616,0.49708384
0.05229368,0.9477063
0.06905749,0.93094254
0.31464297,0.68535703
0.4758438,0.5241562
0.67914796,0.32085207
0.08864267,0.91135734
0.2396231,0.76037693
0.1583233,0.8416767
0.32318982,0.6768102
0.16012289,0.8398771
0.3805331,0.6194669
0.5769782,0.42302182
0.21021864,0.7897814
0.7546671,0.24533293
0.9056518,0.09434822
0.64433897,0.35566097
0.7518293,0.24817066
0.72121096,0.27878907
0.92875266,0.07124732
0.9604441,0.03955587
0.6925248,0.30747527
0.5957471,0.40425283
0.6190055,0.38099444
0.86964,0.13036008
0.7221585,0.27784154
0.58099604,0.41900396
0.670067,0.32993302
0.77020967,0.22979033
0.3154409,0.6845591
0.75029665,0.24970336
0.8413362,0.1586638
0.5605001,0.43949994
0.7453776,0.25462237
0.75557244,0.24442756
0.67388505,0.32611495
0.832591,0.16740899
0.97127324,0.02872676
0.9736419,0.02635817
0.34414703,0.655853
0.67099184,0.32900813
0.5992647,0.4007353
0.6024969,0.3975031
0.7538419,0.24615806
0.6520688,0.34793118
0.5013741,0.49862584
0.43712845,0.5628715
0.87709314,0.12290689
0.64670396,0.35329604
0.4809298,0.51907027
0.62616843,0.37383163
0.56339365,0.43660632
0.29653913,0.7034609
0.755625,0.24437498
0.78131485,0.21868515
0.55655015,0.44344985
0.8334747,0.16652524
0.58478034,0.41521972
0.91022897,0.08977109
0.8885491,0.11145089
0.88138884,0.11861107
0.43055004,0.56944996
0.51115334,0.48884663
0.7491359,0.25086412
0.6765552,0.32344478
0.70769095,0.29230905
0.70774996,0.29225
0.5358134,0.46418658
0.89871705,0.10128295
0.46087947,0.5391205
0.48522565,0.5147744
0.60120386,0.3987961
0.86023676,0.13976322
0.92235476,0.07764524
0.7420345,0.25796545
0.6160377,0.38396227
0.59588367,0.40411633
0.7352817,0.26471826
0.49377623,0.50622374
0.8653012,0.13469878
0.7562078,0.2437922
0.80221957,0.19778046
0.54684126,0.45315874
0.51467586,0.4853241
0.43213564,0.56786436
0.9271655,0.07283449
0.79115295,0.20884705
0.730732,0.26926792
0.42413995,0.57586
0.68947923,0.31052077
0.6025179,0.3974821
0.79105973,0.20894027
0.48369196,0.516308
0.6930677,0.3069322
0.76101345,0.23898652
0.5609682,0.43903178
0.655946,0.344054
0.69890684,0.30109316
0.78478,0.21521996
0.8284318,0.17156826
0.90906185,0.09093815
0.8549836,0.14501633
0.92761654,0.07238346
0.82559335,0.17440663
0.33912963,0.6608704
0.6760825,0.3239175
0.67092675,0.3290732
0.71276814,0.28723192
0.87792295,0.12207711
0.67392623,0.3260738
0.2534193,0.7465807
0.7827652,0.21723476
0.43002245,0.5699775
0.71302843,0.2869715
0.6536889,0.3463111
0.4834025,0.51659757
0.81263506,0.18736495
0.8247842,0.17521583
0.5621682,0.43783182
0.6814838,0.31851622
0.5062906,0.49370936
0.74857396,0.251426
0.5685153,0.43148467
0.38626966,0.6137303
0.53955173,0.4604483
0.8044364,0.19556358
0.4885967,0.5114033
0.7285071,0.27149284
0.6737957,0.32620427
0.7930568,0.20694323
0.82188684,0.17811309
0.34956726,0.65043277
0.39643484,0.60356516
0.56093997,0.43906
0.6719206,0.32807943
0.85579896,0.1442011
0.51276296,0.4872371
0.35449687,0.64550316
0.51609296,0.48390707
0.81721485,0.18278514
0.7760946,0.22390534
0.7289531,0.27104688
0.8574946,0.14250539
0.8432841,0.15671593
0.50114346,0.49885657
0.7241199,0.2758801
0.4698021,0.53019786
0.53270835,0.46729168
0.5399059,0.46009406
0.5851287,0.41487128
0.35396457,0.64603543
0.68074816,0.31925187
0.75806564,0.24193439
0.3219376,0.6780624
0.7164607,0.28353927
0.5362679,0.46373215
0.8458761,0.15412393
0.59767324,0.40232676
0.5701181,0.42988187
0.7247066,0.27529335
0.66096807,0.33903193
0.41260076,0.5873992
0.5985661,0.40143389
0.6136591,0.3863409
0.9469399,0.0530601
0.8837328,0.11626721
0.7728744,0.2271256
0.5793136,0.4206864
0.9535903,0.04640968
0.54081094,0.45918906
0.83080417,0.16919585
0.661336,0.33866405
0.50194913,0.49805084
0.7270552,0.27294478
0.7684776,0.23152243
0.8582331,0.14176686
0.8582416,0.14175837
0.48008102,0.519919
0.6896726,0.31032735
0.8915523,0.10844767
0.82408553,0.1759145
0.80589485,0.19410518
0.8554727,0.14452729
0.86709684,0.13290317
0.6017905,0.39820948
0.856464,0.14353599
0.72794956,0.27205047
0.24351838,0.7564816
0.37776026,0.6222397
0.75106746,0.24893253
0.8428668,0.15713327
0.7985967,0.20140338
0.7725514,0.22744863
0.5297571,0.4702429
0.76823103,0.23176895
0.9018076,0.09819243
0.79798406,0.20201595
0.97472644,0.02527357
0.8942642,0.10573578
0.81412864,0.18587135
0.80339926,0.19660074
0.83274084,0.16725917
0.5865201,0.41347995
0.8743989,0.12560108
0.75969,0.24030994
0.42198026,0.5780198
0.90009326,0.09990676
0.7714937,0.22850628
0.7546298,0.2453702
0.501077,0.498923
0.8723614,0.12763855
0.58052075,0.41947928
0.74525577,0.25474423
0.8936488,0.10635117
0.72386235,0.2761376
0.7920702,0.20792975
0.7269965,0.27300352
0.7914144,0.20858565
0.553723,0.44627702
0.78461534,0.21538472
0.38222307,0.61777693
0.7342757,0.26572427
0.776268,0.22373196
0.8211406,0.17885938
0.75799376,0.24200618
0.6627081,0.33729196
0.9406684,0.05933163
0.66224146,0.33775854
0.88647956,0.11352048
0.9310039,0.06899608
0.76240987,0.23759013
0.8087152,0.1912848
0.5884238,0.41157618
0.6254826,0.3745174
0.89251137,0.10748865
0.54606104,0.45393893
0.8198183,0.18018171
0.7902817,0.20971827
0.38102788,0.61897206
0.9189012,0.08109872
0.76987904,0.23012102
0.7279419,0.27205813
0.53534067,0.46465933
0.70374393,0.29625607
0.34375715,0.65624285
0.87415737,0.12584269
0.8010308,0.19896913
0.75976837,0.24023162
0.8152986,0.1847014
0.8350165,0.16498356
0.77341294,0.22658701
0.57905173,0.4209483
0.6113269,0.38867307
0.7835661,0.21643394
0.6239184,0.3760816
0.5204755,0.47952446
0.8454468,0.15455315
0.90017885,0.09982118
0.7562135,0.24378648
0.82331884,0.1766812
0.55009824,0.44990173
0.78081566,0.21918434
0.7045398,0.29546022
0.6110872,0.38891283
0.73422956,0.2657704
0.41645828,0.5835417
0.8885666,0.11143336
0.8774279,0.12257216
0.8002036,0.19979642
0.56860006,0.43139994
0.7496349,0.25036514
0.6634321,0.3365679
0.5465766,0.45342338
0.67484456,0.32515547
0.2129018,0.7870982
0.69493973,0.3050603
0.8901061,0.10989388
0.7946166,0.2053834
0.6442281,0.3557719
0.77587646,0.22412351
0.7196061,0.28039387
0.8779656,0.12203435
0.8424302,0.15756983
0.523904,0.47609597
0.86463577,0.13536428
0.42493448,0.57506555
0.7630385,0.23696151
0.7378651,0.26213494
0.8941573,0.10584268
0.67351973,0.3264803
0.76835614,0.23164383
0.7220405,0.27795953
0.63989747,0.36010247
0.8662141,0.13378592
0.608866,0.39113402
0.92679095,0.07320905
0.6689932,0.3310068
0.86640406,0.13359596
0.92929816,0.07070186
0.91185933,0.08814071
0.74897087,0.25102913
0.76528645,0.23471351
0.5233161,0.47668397
0.4359976,0.5640024
0.32957652,0.67042345
0.590151,0.409849
0.73547626,0.2645238
0.65131515,0.34868482
0.8331312,0.16686882
0.91891724,0.08108272
0.1817376,0.81826234
0.8536389,0.14636105
0.4077266,0.5922734
0.6603583,0.33964172
0.68280864,0.3171914
0.7697767,0.2302233
0.6574316,0.34256834
0.5971317,0.40286824
0.8353493,0.16465072
0.5643987,0.4356013
0.40437138,0.5956286
0.929441,0.07055905
0.8127906,0.18720943
0.9087083,0.09129171
0.60578334,0.39421666
0.53572863,0.46427134
0.57827,0.42172995
0.71329284,0.28670716
0.86273885,0.1372612
0.7101295,0.28987047
0.91093695,0.089063
0.9273653,0.07263468
0.6968389,0.3031611
0.87943494,0.12056505
0.64481705,0.35518295
0.8145572,0.18544284
0.7854652,0.21453479
0.44210216,0.5578978
0.79456663,0.20543332
0.43844086,0.5615591
0.6524315,0.34756854
0.8600772,0.13992277
0.6742292,0.32577077
0.76155776,0.23844226
0.36882624,0.63117373
0.8959763,0.10402364
0.7338831,0.2661169
0.8110132,0.18898681
0.74742717,0.25257286
0.48184425,0.51815575
0.9088738,0.09112623
0.65947753,0.34052244
0.51196235,0.48803765
0.6757413,0.3242587
0.7246273,0.27537274
0.69240284,0.30759716
0.7781252,0.22187476
0.5054664,0.49453363
0.42715994,0.57284003
0.95286274,0.04713732
0.70182025,0.29817978
0.27521998,0.7247801
0.7921346,0.2078654
0.51131505,0.48868492
0.7278069,0.2721931
0.6588878,0.34111223
0.7594667,0.24053332
0.6371697,0.36283025
0.7963271,0.20367284
0.7961576,0.20384239
0.592942,0.40705803
0.52698886,0.47301114
0.69633156,0.30366844
0.7406907,0.25930935
0.8606743,0.13932566
0.80911934,0.19088061
0.47975382,0.52024615
0.92540544,0.07459457
0.7280154,0.27198455
0.8342577,0.16574234
0.528878,0.471122
0.675261,0.32473898
0.86720884,0.13279119
0.5885811,0.41141894
0.7563355,0.24366444
0.76470387,0.23529615
0.67899257,0.3210075
0.6059754,0.39402464
0.78386074,0.21613924
0.8893335,0.11066651
0.5510754,0.4489246
0.6217148,0.3782853
0.57122636,0.42877364
0.71248806,0.28751191
0.704589,0.29541096
0.90639,0.09361002
0.24552536,0.75447464
0.6487075,0.35129252
0.8431977,0.15680234
0.91812915,0.08187082
0.5563808,0.44361922
0.8781114,0.12188862
0.9386193,0.06138062
0.7774659,0.22253408
0.9444298,0.05557021
0.87952805,0.12047191
0.75403786,0.24596208
0.82222795,0.17777209
0.7403999,0.25960013
0.6421772,0.35782275
0.3917834,0.6082166
0.8006316,0.19936836
0.5018798,0.4981202
0.44769308,0.55230695
0.8740108,0.12598923
0.706251,0.29374897
0.8241022,0.17589776
0.90898836,0.09101164
0.64481574,0.3551842
0.47777978,0.5222202
0.87874836,0.12125171
0.76205206,0.23794791
0.6380679,0.3619321
0.7071291,0.29287088
0.9478605,0.05213952
0.36450097,0.635499
0.39029747,0.6097025
0.63124704,0.3687529
0.7716472,0.22835276
0.91489196,0.08510801
0.75664496,0.24335499
0.5497331,0.4502669
0.8521971,0.14780287
0.83402354,0.16597646
0.3910563,0.6089437
0.867528,0.13247198
0.8975761,0.10242386
0.8222778,0.17772229
0.8146876,0.18531239
0.81594783,0.18405217
0.87044525,0.12955478
0.90167695,0.09832311
0.55333686,0.44666308
0.58280957,0.41719037
0.53370327,0.4662967
0.791843,0.20815702
0.7587597,0.24124034
0.43478525,0.56521475
0.85335475,0.14664522
0.8992766,0.10072336
0.72128737,0.27871266
0.8983383,0.10166162
0.8678599,0.13214007
0.55006754,0.4499325
0.5078146,0.49218547
0.6119299,0.38807008
0.5881507,0.41184932
0.7944142,0.20558581
0.85537285,0.14462714
0.28617606,0.713824
0.264256,0.735744
0.4024656,0.59753436
0.56988317,0.4301169
0.93686503,0.06313498
0.77612275,0.22387719
0.5662094,0.43379062
0.5849054,0.41509464
0.40284145,0.59715855
0.3918432,0.6081568
0.60746527,0.3925348
0.43846792,0.561532
0.8411028,0.15889724
0.89403075,0.10596929
0.669632,0.33036798
0.7260469,0.27395314
0.8753757,0.12462427
0.55140615,0.44859385
0.7108326,0.2891674
0.8204873,0.17951268
0.5707911,0.42920882
0.94592524,0.05407474
0.9110718,0.08892822
0.846426,0.15357399
0.93615574,0.06384429
0.569592,0.43040803
0.845468,0.15453202
0.7554931,0.24450687
0.8935614,0.10643856
0.7286776,0.27132243
0.64895564,0.35104436
0.5824906,0.41750935
0.93249154,0.0675085
0.59329563,0.40670443
0.8316256,0.16837439
0.7853065,0.21469352
0.8332793,0.16672072
0.7606329,0.23936705
0.27383313,0.7261669
0.75305593,0.24694407
0.51508164,0.48491836
0.70381314,0.2961869
0.9164811,0.08351897
0.35738808,0.6426119
0.73939234,0.2606077
0.82992,0.17008005
0.68455833,0.31544164
0.6654865,0.33451352
0.8801933,0.11980677
0.828568,0.171432
0.784625,0.21537496
0.82650995,0.17349006
0.7779412,0.22205874
0.79073,0.20926999
0.7071993,0.29280075
0.4793917,0.52060825
0.8997635,0.10023648
0.898361,0.10163899
0.7620774,0.23792265
0.9713122,0.02868781
0.72721916,0.2727808
0.92718697,0.07281301
0.92381054,0.07618948
0.92129403,0.07870591
0.58542615,0.41457382
0.77522033,0.22477967
0.7047948,0.29520518
0.845673,0.15432695
0.7630442,0.23695578
0.48696908,0.5130309
0.8134647,0.18653534
0.68365645,0.31634358
0.23078567,0.7692143
0.67748094,0.32251912
0.7317291,0.2682709
0.51474404,0.48525596
0.81679255,0.18320745
0.7199784,0.2800216
0.73504734,0.26495263
0.822075,0.17792493
0.89209783,0.10790215
0.8004785,0.1995215
0.8488898,0.15111017
0.31708205,0.68291795
0.79808664,0.20191334
0.7465042,0.25349584
0.8661068,0.13389327
0.86838275,0.13161722
0.5759807,0.42401928
0.8885938,0.11140616
0.8121437,0.1878563
0.64105624,0.35894373
0.7204729,0.27952713
0.7322195,0.26778045
0.44918954,0.5508104
0.6719323,0.32806778
0.8413228,0.1586772
0.8228825,0.17711753
0.74841243,0.25158754
0.86174035,0.13825966
0.5950963,0.40490374
0.900216,0.09978395
0.7352707,0.26472932
0.3267044,0.6732956
0.3267069,0.6732931
0.6435784,0.35642156
0.83693653,0.16306344
0.9168622,0.08313775
0.65008116,0.34991887
0.81173795,0.18826208
0.75098115,0.24901886
0.62266475,0.37733522
0.79881614,0.20118383
0.6833343,0.3166657
0.41585273,0.5841473
0.3554863,0.6445137
0.7297522,0.27024782
0.65370274,0.3462973
0.8692976,0.13070236
0.91817856,0.08182137
0.5524134,0.4475866
0.5567627,0.4432373
0.8063735,0.1936265
0.46812758,0.53187245
0.88613534,0.11386472
0.46010023,0.5398998
0.80712235,0.19287768
0.7678052,0.23219481
0.34151307,0.65848696
0.36144236,0.6385577
0.9442575,0.05574255
0.55218416,0.4478159
0.87436026,0.1256397
0.5973464,0.40265357
0.8261739,0.1738261
0.51876086,0.4812391
0.8329908,0.16700923
0.38414633,0.61585367
0.7050214,0.29497862
0.8852054,0.11479463
0.913383,0.08661697
0.3529061,0.6470939
0.7289522,0.2710478
0.57461613,0.4253839
0.56928617,0.4307138
0.63873845,0.36126155
0.58112895,0.41887102
0.25632337,0.7436766
0.8154968,0.1845032
0.9213155,0.07868449
0.8494306,0.15056941
0.73927814,0.2607219
0.8363269,0.16367313
0.8588947,0.14110526
0.85631627,0.14368372
0.6443018,0.35569826
0.7011252,0.29887486
0.5289781,0.47102186
0.67209905,0.32790095
0.3110296,0.6889704
0.6726311,0.32736897
0.5687073,0.43129268
0.8195996,0.18040039
0.6202724,0.3797276
0.64412427,0.3558758
0.83750916,0.16249087
0.65748894,0.34251106
0.5273142,0.47268578
0.7547128,0.24528717
0.7624437,0.23755625
0.5782714,0.42172858
0.6904247,0.30957532
0.49470907,0.5052909
0.7348305,0.26516953
0.7964698,0.20353015
0.6225471,0.37745285
0.633209,0.36679107
0.5004513,0.4995487
0.509843,0.490157
0.8718618,0.12813821
0.71546406,0.28453594
0.7094886,0.29051143
0.575578,0.42442206
0.6956867,0.30431336
0.7836457,0.2163543
0.57280505,0.42719495
0.8787102,0.12128979
0.7973741,0.20262589
0.91285926,0.0871407
0.839963,0.16003704
0.63984853,0.36015147
0.76175,0.23825003
0.765481,0.234519
0.7961968,0.20380315
0.653259,0.34674108
0.8757331,0.12426686
0.34654406,0.6534559
0.783731,0.21626906
0.67998534,0.32001466
0.42562172,0.57437825
0.88855255,0.11144745
0.3817588,0.6182412
0.7247953,0.2752047
0.37492666,0.6250733
0.5458321,0.4541679
0.78812826,0.21187174
0.70946765,0.29053232
0.84803057,0.15196949
0.6898835,0.31011653
0.5097049,0.4902951
0.47406638,0.5259336
0.89462453,0.10537549
0.9279639,0.07203608
0.6452452,0.35475478
0.83464354,0.16535649
0.39738184,0.60261816
0.88803625,0.11196373
0.6255476,0.37445247
0.8384324,0.16156767
0.88304615,0.11695392
0.6863241,0.3136759
0.83990675,0.16009325
0.8540661,0.14593393
0.77069384,0.22930612
0.27520087,0.7247991
0.8329224,0.16707759
0.805466,0.19453396
0.6211919,0.3788081
0.7464989,0.2535011
0.8472198,0.15278018
0.3457747,0.6542253
0.7803159,0.21968411
0.7974652,0.20253478
0.92513376,0.07486624
0.93387395,0.06612597
0.56644875,0.43355125
0.39063928,0.60936075
0.5073807,0.49261928
0.82712317,0.1728768
0.7240934,0.2759066
0.46856448,0.5314355
0.70226455,0.29773548
0.9124769,0.08752316
0.60213965,0.39786035
0.46182606,0.538174
0.91327816,0.08672184
0.71989745,0.28010255
0.59342146,0.4065785
0.81268865,0.1873113
0.60605943,0.39394054
0.5742086,0.42579138
0.64842707,0.35157293
0.8619692,0.13803089
0.6632748,0.3367252
0.5703416,0.42965844
0.78108174,0.21891822
0.8526659,0.14733408
0.8756853,0.12431476
0.80430526,0.1956947
0.7977012,0.20229882
0.5874456,0.41255435
0.92965996,0.07034011
0.5840446,0.41595545
0.909684,0.09031606
0.22041115,0.7795888
0.8344198,0.1655802
0.41331813,0.5866819
0.6911261,0.3088739
0.8441409,0.15585907
0.6177149,0.38228506
0.88407934,0.11592064
0.6595142,0.34048584
0.8846514,0.11534864
0.5292902,0.47070977
0.7712231,0.22877683
0.34762436,0.65237564
0.95598686,0.04401311
0.43891788,0.5610822
0.58825463,0.41174537
0.8224041,0.17759596
0.88047504,0.1195249
0.7654133,0.23458675
0.79837495,0.20162506
0.9484263,0.05157372
0.6242226,0.3757774
0.84491086,0.15508918
0.82755464,0.17244537
0.44759914,0.5524008
0.6926351,0.30736485
0.74372613,0.2562739
0.8555124,0.14448759
0.6970209,0.30297908
0.6448103,0.35518974
0.3889952,0.61100477
0.55377305,0.446227
0.84248525,0.15751474
0.6760736,0.32392636
0.5518295,0.4481705
0.8646699,0.13533008
0.7961189,0.20388106
0.7282107,0.2717893
0.49572238,0.50427765
0.80547833,0.19452173
0.7788079,0.22119218
0.91148686,0.08851315
0.8097605,0.19023949
0.8894036,0.11059642
0.56782734,0.43217263
0.6863273,0.3136727
0.8994235,0.10057656
0.84030557,0.15969445
0.7564813,0.2435187
0.9575889,0.04241111
0.83228195,0.16771804
0.602924,0.39707604
0.82750374,0.17249632
0.87552154,0.12447853
0.38501096,0.61498904
0.6077295,0.39227054
0.7989674,0.20103258
0.8874269,0.11257309
0.68344456,0.31655544
0.77379286,0.22620715
0.504887,0.49511302
0.8359277,0.16407228
0.5398306,0.4601694
0.8610854,0.13891456
0.80363554,0.19636443
0.56981444,0.43018553
0.43438163,0.5656184
0.32679227,0.6732077
0.47447646,0.52552354
0.4192609,0.5807391
0.9631688,0.03683123
0.8266703,0.17332973
0.401617,0.598383
0.6277046,0.37229544
0.7184233,0.28157666
0.7459361,0.2540639
0.8140524,0.18594763
0.69455993,0.30544004
0.4748305,0.5251695
0.7126698,0.2873302
0.5270549,0.47294506
0.61816263,0.38183737
0.46513262,0.53486735
0.68232864,0.31767136
0.73865813,0.2613418
0.76273966,0.2372603
0.5701097,0.42989033
0.65469444,0.34530553
0.77524763,0.22475238
0.8172621,0.18273792
0.66275436,0.33724564
0.66482544,0.3351745
0.9292707,0.07072934
0.92529744,0.07470253
0.62856424,0.37143582
0.7115758,0.2884242
0.8401348,0.1598652
0.80636865,0.1936313
0.598027,0.40197307
0.8242292,0.17577086
0.77933025,0.22066976
0.44212693,0.5578731
0.897566,0.10243396
0.70958143,0.29041857
0.7347441,0.26525596
0.73490953,0.2650905
0.5314804,0.4685196
0.8543546,0.14564535
0.5235931,0.47640687
0.87097615,0.12902382
0.91609,0.08391002
0.6276574,0.3723426
0.63951725,0.36048275
0.2621938,0.73780614
0.79546314,0.20453686
0.7525776,0.24742234
0.5031802,0.49681976
0.7772536,0.22274639
0.8357657,0.16423425
0.7179941,0.28200585
0.72828937,0.27171066
0.7153197,0.28468025
0.82695466,0.1730454
0.66934,0.33066005
0.8118239,0.1881761
0.7145831,0.28541693
0.55728084,0.44271913
0.5817107,0.41828933
0.85701483,0.14298518
0.8264231,0.17357688
0.6549033,0.34509674
0.4140104,0.58598965
0.9750694,0.02493054
0.7821531,0.21784689
0.46667668,0.53332335
0.43321347,0.5667865
0.5146345,0.48536548
0.4946137,0.5053863
0.49638966,0.5036104
0.671282,0.32871804
0.9639551,0.03604496
0.6712735,0.32872647
0.7378666,0.26213345
0.86200947,0.13799058
0.38240153,0.6175985
0.9627154,0.03728458
0.684042,0.31595805
0.8219714,0.17802855
0.6389808,0.36101922
0.68623966,0.3137603
0.85668385,0.14331616
0.813976,0.18602397
0.51857764,0.4814224
0.9281792,0.07182081
0.8348861,0.16511393
0.85508406,0.14491595
0.61279285,0.3872072
0.85981643,0.14018358
0.9043354,0.09566461
0.7097019,0.2902981
0.70633334,0.29366672
0.23310815,0.76689184
0.83580077,0.16419919
0.3580832,0.64191675
0.8219312,0.17806885
0.648844,0.35115603
0.739398,0.26060203
0.76738095,0.23261902
0.75928617,0.24071385
0.85489446,0.1451056
0.43673903,0.56326103
0.44965944,0.5503406
0.8411306,0.15886945
0.87541497,0.12458497
0.39962485,0.6003752
0.50278866,0.49721134
0.9172464,0.08275364
0.6046194,0.39538056
0.6663799,0.33362
0.7573952,0.24260473
0.8882975,0.11170252
0.70472556,0.2952744
0.7628619,0.23713809
0.79649657,0.20350344
0.8834717,0.11652832
0.44978988,0.5502101
0.62049055,0.3795094
0.8510787,0.1489213
0.8580409,0.14195907
0.97322595,0.02677413
0.8103207,0.18967935
0.6077873,0.3922127
0.8617038,0.13829619
0.6957205,0.3042795
0.6133836,0.38661638
0.72394097,0.27605903
0.8688762,0.13112381
0.79135436,0.20864563
0.71594185,0.28405815
0.8634551,0.13654484
0.8711829,0.12881705
0.696805,0.30319503
0.61589867,0.38410133
0.8281015,0.17189847
0.724531,0.27546898
0.65511066,0.34488934
0.86783403,0.13216597
0.7625471,0.23745292
0.6213585,0.37864152
0.8013174,0.19868262
0.7406613,0.25933868
0.88403535,0.11596468
0.6857997,0.3142003
0.72709537,0.2729046
0.48542506,0.51457494
0.8383051,0.16169494
0.8721885,0.12781152
0.8031382,0.19686182
0.62735486,0.3726451
0.45368382,0.5463162
0.49821988,0.50178015
0.6030062,0.39699385
0.6050723,0.39492765
0.8460018,0.1539982
0.790289,0.20971097
0.6970054,0.30299455
0.62065417,0.37934577
0.701631,0.298369
0.79104656,0.20895343
0.69281614,0.30718386
0.9013701,0.09862989
0.7279163,0.27208364
0.55596226,0.44403774
0.6223663,0.3776337
0.93316275,0.06683721
0.7469693,0.2530307
0.80314445,0.19685549
0.6749332,0.32506675
0.64446867,0.35553136
0.9592999,0.04070007
0.39201716,0.6079828
0.91668504,0.0833149
0.47758776,0.52241224
0.89214885,0.10785113
0.9010575,0.09894257
0.45008498,0.549915
0.43419087,0.56580913
0.8254966,0.17450337
0.8616929,0.13830708
0.55668426,0.4433158
0.47651243,0.5234875
0.7447323,0.25526765
0.795645,0.204355
0.7630982,0.2369018
0.56173235,0.43826762
0.51663566,0.4833643
0.49519724,0.50480276
0.69020617,0.3097938
0.9333547,0.06664533
0.5818179,0.4181821
0.7186837,0.28131628
0.7775069,0.22249314
0.6626997,0.33730033
0.82509655,0.17490342
0.92879623,0.07120375
0.7841398,0.21586016
0.6971196,0.30288044
0.638324,0.36167598
0.47429454,0.5257055
0.81086665,0.18913332
0.72722197,0.27277803
0.9147208,0.08527916
0.27618775,0.7238122
0.93259084,0.0674092
0.7069523,0.29304776
0.5984722,0.40152782
0.6618485,0.33815154
0.7217235,0.27827653
0.89416337,0.10583664
0.51793706,0.4820629
0.9031559,0.09684405
0.9166984,0.0833016
0.83624417,0.16375579
0.80575496,0.194245
0.65453446,0.34546548
0.7913921,0.20860794
0.44757873,0.5524213
0.5114177,0.48858237
0.7657158,0.23428418
0.3347738,0.66522616
0.9355051,0.06449492
0.8205817,0.17941836
0.75313777,0.24686229
0.28277957,0.7172204
0.8286024,0.17139767
0.24796636,0.75203365
0.9478571,0.05214296
0.7930777,0.20692228
0.4116346,0.5883654
0.87826884,0.12173123
0.73314124,0.26685873
0.6821887,0.31781134
0.9136909,0.08630915
0.745433,0.25456706
0.85346234,0.14653763
0.7948726,0.2051274
0.6087932,0.39120674
0.6103487,0.38965136
0.8468262,0.15317376
0.8528479,0.14715211
0.79720324,0.20279671
0.45155692,0.5484431
0.58006275,0.41993722
0.47408813,0.52591187
0.73475415,0.26524588
0.89799523,0.10200472
0.95860803,0.04139198
0.7813818,0.21861821
0.45842573,0.54157424
0.33507812,0.6649219
